,ad_budget,impressions,ctr,clicks,cpc,time_on_site,user_engagement_score,device_score,clusters
0,38931.69976635274,582346,0.040196309311491644,24852,1.5147205143001796,109.93028445049507,30.446277758172663,7,3
1,33771.63873094166,373635,0.028582064932382877,11998,3.3697123331593732,175.66138785970884,32.41040931352731,6,1
2,4704.227014475524,20361,0.017892034537542314,341,15.532846154706906,454.21795195083604,28.186965894111797,1,2
3,39417.31532632407,635976,0.04416043543873385,29147,1.3019431575456222,60.9872864181595,26.207460408218942,7,3
4,39487.87065819749,601033,0.0414373939779039,26301,1.574463831860836,86.27003001607898,24.286617559378573,7,3
5,39996.524969449136,401941,0.04284195269200921,15449,2.2546925871087495,357.0787992251831,84.3648628387984,3,0
6,38333.455171081965,411667,0.03561937836404607,12932,2.4415089976690947,333.8773566922585,70.27749269980983,3,0
7,10216.179532677996,36499,0.01871065098819462,611,18.148126164944834,400.8006095285187,15.156943085529345,2,2
8,36976.56616148878,515636,0.03520259074729342,19354,1.926090083408259,102.87613621177239,36.56355434226254,8,3
9,10186.893549175715,30266,0.01990876423873306,573,18.201310788257857,433.2837377722754,38.466542665385916,3,2
10,6953.662549617381,29506,0.01930523191730548,520,13.46766889931392,494.1526594134712,46.100136135681915,2,2
11,28461.2715371295,282677,0.02481258607101118,8082,4.028202119412756,172.74028950690888,43.08562332662852,6,1
12,8664.503458767278,55279,0.018625364911159507,890,10.622761249345293,437.46176753870316,23.795154696913873,2,2
13,30218.677191177125,312149,0.026047110336026594,9049,3.648554702656511,217.99075988835443,47.371492321667134,6,1
14,39685.72798018258,525745,0.03730172328062903,20255,2.0121628995866905,64.68484367340989,22.84557891243629,7,3
15,38469.84110845861,466056,0.044919623852890764,18563,1.6986051420961084,323.74111155653094,83.00785974947446,2,0
16,34049.872645433046,339050,0.0445013483034257,12791,2.2406675235984967,413.23997474258533,94.30641405420187,4,0
17,35843.85868271633,393400,0.041744930528187396,14490,1.8507016573766029,426.96034286668186,68.21510823678938,3,0
18,37348.95523859105,469853,0.046635091621892166,21783,1.6599217446873444,130.49504441200418,34.32174942513233,6,3
19,32118.82900909208,261720,0.023187383084552163,6836,5.627065537707365,150.42961624225245,36.77240912229159,7,1
20,39543.4813871308,408804,0.043173772260659195,15472,2.312458771844222,331.2701265024047,83.1611727031299,3,0
21,40787.40764221704,641634,0.03630647788961462,23242,1.917611261578443,114.9104453872062,33.90604233943696,7,3
22,27738.80000480052,173244,0.027734516880255473,5311,6.083880747557881,184.77849102220705,48.88539006184326,6,1
23,34854.09048020322,412554,0.0393107164768388,14566,1.9728878340085003,333.3832845560429,66.35924206119721,3,0
24,36261.1664340313,405753,0.04335175719998313,15718,1.9015067657460987,345.58927309642655,69.36126225401644,3,0
25,34873.68412351898,504048,0.04296576445604594,22453,1.7809597385486418,136.8671974972687,25.926037137572372,8,3
26,31446.17119202379,307155,0.02590480884254963,8644,4.23239513168486,80.16396527268004,27.316934415652128,6,1
27,40441.01691242446,396333,0.04237400893955055,15060,2.295990445520715,282.7819892976646,79.87188275204088,3,0
28,29268.657379390454,326040,0.026063405821358035,9728,3.3137989790501385,191.50836438047529,41.97336665200568,6,1
29,10646.870585568606,49838,0.021759487842544688,998,10.78677728256254,469.6370343390375,27.52548978766371,2,2
30,34813.343959826954,327624,0.041055163016365366,11228,2.8515680547855693,376.48447809133813,80.34485244764045,2,0
31,12249.981980666586,49558,0.019280346623296266,939,13.345235005759713,442.3396098733341,29.076832020995237,1,2
32,31376.40470226284,228760,0.0294262896965833,7647,4.873292205220299,155.72933800907074,39.65015836427941,6,1
33,8955.276366023296,71704,0.02092041433034158,1443,6.871397378744055,478.46231271890474,46.27836381778039,2,2
34,39964.9459974943,642571,0.042042562381179295,29117,1.29855969329705,146.3791448904414,25.734229645732782,7,3
35,26383.07893390087,190067,0.02474574997834121,5231,6.260069091729362,101.39669443727186,49.00050822014889,5,1
36,30921.867652495668,254711,0.02558678139179827,7327,4.836986641150777,184.23667836593822,36.19301599812766,6,1
37,39761.98111152712,572229,0.037624737946381846,23507,1.6225270516154635,155.16471042451258,17.311882254819373,7,3
38,11785.047720535093,64383,0.018210685043682825,1127,11.906421202089655,490.30255680158314,34.80802955283607,2,2
39,39259.088513263545,563106,0.03788212314660065,21861,1.6616823840004022,50.9548265670409,23.41486455479188,7,3
40,11713.671137697791,53219,0.02038468821740775,1004,12.66888470669448,454.105201436646,16.2631808965076,2,2
41,39066.38215245986,421600,0.038027043599899175,14099,2.508546459932924,381.09457541767443,84.54324548641247,2,0
42,30542.97272857134,301635,0.029200377043468395,9718,3.3607085125113048,234.7563806970408,38.77773823840716,6,1
43,34435.10997157084,409443,0.04432991935489276,16192,1.6457384462548912,352.17397915863427,77.59366585610141,2,0
44,40769.23003677082,404485,0.038774922378765,13428,2.7437037306411316,286.84221751162335,75.67978044042056,2,0
45,40389.64480494121,419326,0.04128618709593615,15431,2.1780425822611376,331.5615051246568,78.51206434802845,2,0
46,29576.38580734031,158375,0.02775903004630189,5034,7.020547666574556,213.36997264455684,32.99226188626022,6,1
47,11237.88021762976,59768,0.015311326048098081,843,14.68351095731853,440.12117488287964,32.475984375883776,2,2
48,6679.189954710453,29906,0.018694253437334864,509,13.243607091375914,425.62238580832565,32.030349418260975,2,2
49,28485.216860817487,240432,0.0325452884519372,8866,3.449471445762739,108.8619397741062,37.485760161339186,6,1
50,45423.77971460763,733575,0.04025313176907802,30859,1.4527080202308822,88.1424262519134,11.685680618453679,7,3
51,35174.37327566168,476611,0.03580512555103951,18357,2.1976306113491355,119.34490664664567,21.886222687216726,7,3
52,37749.737659370396,536786,0.033478892632938975,18403,2.1445345448828452,44.09952389675056,21.593358260849516,7,3
53,35797.91837194732,445961,0.045527297407207776,17950,1.7797498050136387,371.90552192002974,70.11560936421847,2,0
54,40563.774444400115,575805,0.0387851203779894,22553,1.8557947563416468,33.93424229723739,26.422566586548474,8,3
55,12406.08065341784,84352,0.01999143773651038,1618,8.374497995253652,435.79398097514144,32.93806689027471,4,2
56,27453.2274761189,120781,0.022089223646430088,2927,11.442195636420173,164.97610571487147,34.047506850792665,5,1
57,11927.28911042109,39743,0.019176131753323125,720,17.692470118578722,444.9059712899214,27.100795074358775,2,2
58,42003.55958787265,609659,0.03712035266470907,24794,1.6310654187323397,19.646263889495298,26.503177214374173,5,3
59,7944.189953674615,53947,0.01823418143351955,903,8.98759063658548,473.5816317482182,31.690605662209155,2,2
60,9340.037129368578,63115,0.016493507036946846,1026,9.50832283489306,520.8577792422645,24.70140970918217,3,2
61,41432.21257476648,569815,0.03763791731334921,21762,1.8555792370680204,101.40635206693204,29.478485082642862,6,3
62,9585.699726176805,50718,0.023537644660847214,1108,9.397907789932155,515.6004326739054,31.020657944920654,3,2
63,37999.95680994783,450174,0.04203398515953472,19447,2.0246353224586646,96.71761396033287,32.13355733568623,8,3
64,39270.90782030934,559948,0.039689663126825855,23047,1.5151362009888811,92.76555241017404,28.563756506256908,7,3
65,27681.537539236204,236004,0.02356412183171811,6260,4.84635670018374,170.48469766603512,43.623016431384784,6,1
66,8512.480925703516,40247,0.022349161247125385,825,10.355604160063917,495.69858104604623,32.99309684238867,1,2
67,15660.576616597455,67254,0.023800827442423043,1545,11.42521815313769,440.22086686958676,15.188583075597215,2,2
68,40819.149772316225,533318,0.0431844047829021,20698,1.709978509960336,400.2332733062558,76.48199242536917,4,0
69,14467.337138859675,74879,0.020472133705032966,1461,10.200747876664392,479.780700060912,37.821250683607325,3,2
70,35947.29331438171,553677,0.04055767390671639,23412,1.5058107855379164,110.07937153585976,20.118480038361024,7,3
71,11250.94287174053,67469,0.01980346766334952,1282,8.751801262842287,520.1573642432334,27.73445428636415,3,2
72,29682.692909266316,266147,0.025706547658119284,7402,4.8782012785180555,161.8085717598887,16.33515713080303,6,1
73,35679.582047708216,565796,0.03819569488556132,21801,1.7303629109100254,114.67035767080726,25.60464821172615,6,3
74,40107.91495769783,438653,0.044202994756893425,16616,2.09404494846708,393.10791905298777,84.10054496967028,2,0
75,41725.53497296442,592665,0.042689762229319875,25506,1.6900949964002272,151.85809446977956,28.366750277740348,8,3
76,37822.34345025183,550685,0.04182421023879579,20693,1.5907780060493453,362.3080871047448,75.30925548907825,2,0
77,36629.97748362823,593430,0.045045075579798796,27743,1.2457856561243683,149.9726426060591,27.060182937315254,8,3
78,7606.874089744871,32721,0.01899005964353285,549,12.547264628873947,444.63365138197344,28.25165221883984,3,2
79,26047.655473880885,230995,0.02654272083524148,6749,4.243621958980001,132.02530782039162,52.361592446364824,6,1
80,37307.41530264889,505555,0.038582046022849446,20612,1.799877769654504,129.1329323882723,16.606848188354412,7,3
81,38407.70011875059,403541,0.04611994433257119,16995,2.0684571289059304,401.5585609172953,70.09227006070715,3,0
82,41301.507262500665,616496,0.03781416430865902,24069,1.6695903809419192,171.9681802360728,19.620081001658722,6,3
83,23777.64222823586,220014,0.027465905904553202,6733,4.190155297644119,212.56698170317392,45.95298061011087,6,1
84,2979.7385162545393,13330,0.019050533008680155,231,12.771280102893874,548.8627648723054,28.32322074274979,2,2
85,9532.673183409444,60639,0.02196865263079957,1199,8.609020775579086,430.64863708088615,42.801720020860515,2,2
86,41579.02670565988,577858,0.042864937806282755,24554,1.5459249834887627,151.17795045566467,24.705970979210775,8,3
87,50000.0,568141,0.0463080560799454,24687,1.7225847978158675,400.8019028781144,80.2203407080458,3,0
88,40416.706664424055,425175,0.04122749379023641,15659,2.0401148781686618,347.6993810301647,89.00940851296366,2,0
89,10474.798475079224,37796,0.018599954781564267,662,17.518746059386913,446.7398475925611,18.53348513898077,3,2
90,10443.738139433563,36080,0.01936045966446797,674,15.790883941442933,574.9497258699857,32.67903445677805,3,2
91,39161.81802976909,364670,0.043205935507473855,13729,2.3426544363630164,364.00249060503654,75.16312374835368,3,0
92,36498.750728294995,599902,0.038550408198146945,24273,1.5571892569773378,127.10574689329509,23.721638417528403,7,3
93,37122.03684834151,618876,0.03950194211720136,25608,1.5054186868326016,131.82392380763108,30.86481885724954,6,3
94,34529.30209644925,355864,0.041475358312441646,13306,2.29939043693141,378.4795972033404,70.8807483161517,2,0
95,41702.433025388906,542446,0.03983301414466616,19402,1.8642271056666786,405.2581157682082,76.02763422464233,4,0
96,37331.0092351672,599761,0.04153907191247692,24845,1.6608871437743764,79.59292535620595,24.248815961873515,7,3
97,39661.80400757955,420581,0.041908038732989615,15056,2.5332240437033464,402.2153878052388,84.20933802934223,3,0
98,26686.78117476646,202894,0.025211778127424058,5422,5.640899586195677,142.64258531290045,44.19537592178898,7,1
99,7131.131822383543,46052,0.020798714501064547,913,8.228748197266684,453.9734586698562,20.400568632777972,2,2
100,38972.47395770715,536841,0.0365550492340086,19442,2.2299629794356024,33.340827749722536,29.15124313070338,6,3
101,36799.58093273564,392895,0.044236522700982966,15761,1.840296187709543,419.104207578205,63.74253612207027,3,0
102,37284.28975188161,589843,0.03966670571376429,24681,1.534520613411896,118.0130884841688,26.470059769068722,7,3
103,12137.771826947113,36373,0.02071313948025052,696,17.40356647961252,407.2901006363227,27.304950946272534,2,2
104,43073.13955799582,755924,0.046445902385131355,35633,1.2791478869801562,127.67658201136875,21.08831311989755,7,3
105,8511.553081248469,29919,0.019508557321763056,572,14.013252863401988,440.32783207548414,36.061321961645184,2,2
106,40261.42346745695,576280,0.04039526045901426,24092,1.7134014974005392,82.21313684516198,18.817219131831923,7,3
107,28964.21073795667,271955,0.022681051778932725,7035,4.70512371949944,190.60066708150268,33.05205771837109,6,1
108,25241.59743301968,189144,0.030301182265736214,6576,4.575084302905475,99.7518844942101,36.70686641902764,5,1
109,11660.489588436683,70656,0.015642005851797966,1066,12.462494520286365,561.7054792558793,34.75534912087141,3,2
110,5414.127895864304,37607,0.022885118690652774,777,7.386358834714541,473.77898782314884,39.97946305866484,3,2
111,36263.332711059295,414767,0.04292457431479559,15371,2.0751275139832237,375.22875775933335,76.54593067285079,4,0
112,31393.872736419176,222579,0.02726454363903908,6780,5.376192276533587,98.67384675004567,47.57534434854501,6,1
113,36250.817717799975,469198,0.03982722357292645,16269,1.9037167427634367,364.3669969271909,73.97120380139621,3,0
114,7122.646777848288,44432,0.018156288571637397,762,10.033248523830123,520.7104529438827,36.21543876727318,2,2
115,38298.55002553068,507767,0.04113521698722285,21102,1.9260020138499572,112.01618033706376,24.98854382766849,7,3
116,37765.0969955326,370502,0.040284914309325855,13529,2.4439751893025696,398.30321058170455,75.63927990045337,2,0
117,11554.389348470359,19128,0.01751570544880248,308,43.146183986886676,403.8602877037611,38.15299951747921,2,2
118,39151.23549041782,511571,0.04114316262954924,21819,1.830197433693136,99.60621268724448,13.637925925549277,7,3
119,31043.61659267271,268279,0.029930998091126426,8958,3.8324938388322485,128.9951354689715,57.61841449938403,6,1
120,27547.908059632224,157437,0.02760624502456655,4883,6.078951210325157,202.0878377479904,47.69145584092619,4,1
121,12287.870139182294,75421,0.01841952911640033,1342,9.895882767565789,475.9274078899463,28.776588270899538,3,2
122,34468.3155455732,538393,0.03704131610910078,20309,1.6420973862563133,97.60954129776279,38.39787282075284,7,3
123,14622.62651156196,64279,0.01773567624500915,1048,15.313127332275643,525.9527411179489,29.59351610124084,2,2
124,35969.894379689205,538249,0.04302106203283727,23141,1.4840203246657862,73.85114966020251,33.756078138795495,7,3
125,12428.088375128906,104229,0.01957014128488411,1893,6.65801341637771,520.818681793435,31.539606423807914,2,2
126,10776.626073118547,38724,0.016886727465739153,603,17.97071033711569,444.5189137309774,35.686338590276506,2,2
127,36224.59709355353,574605,0.038576202724433635,23779,1.5947654622299807,137.67175435505462,22.769123360834726,7,3
128,42535.33655685162,609384,0.04435161606559523,28368,1.5781892332164982,119.01388006439139,26.811092188600878,7,3
129,25752.21642675087,245905,0.02427653473632853,6384,4.68846376011739,203.54620469314045,55.82407501698627,5,1
130,32541.526767873056,296105,0.028514720357548512,9186,3.8871498353782385,77.40564573399968,40.17638088755101,6,1
131,38540.513620750455,417070,0.04391714972223867,16450,1.8917078688166153,403.0609096863096,71.80746665154263,3,0
132,30583.859840723184,261076,0.026447678866195798,7791,4.575082865704927,204.63127463530182,37.00922161910742,6,1
133,36051.85802357166,528658,0.03992931833446581,21787,1.7250638228720219,32.97150733580111,18.410001671599844,6,3
134,39965.94413457948,528588,0.036696662492562336,20113,1.8842586062939348,100.88006033585373,25.52046056377637,7,3
135,39392.374877588496,630473,0.04229920996441476,26955,1.4309396313446463,100.61737475531208,9.842340922576174,6,3
136,37111.69115099308,387040,0.04330085672258196,14862,2.2554718600457475,358.7266895121026,88.82662146396876,2,0
137,40485.62458640416,452126,0.04150118329230382,16812,2.1032503260880464,339.6925123520346,76.2682947806121,3,0
138,43149.437162791866,525461,0.046500173165014876,21705,1.6790358718091298,377.94640359128846,82.10174698054765,2,0
139,36102.11285317108,428600,0.03997178141306081,15604,1.787714383903735,332.144913702492,80.55140483049499,2,0
140,22337.25401466029,104928,0.026255093594717692,3106,8.865680783597155,131.57663808406102,30.087516787479895,6,1
141,10438.418592710028,70774,0.0199146164884613,1284,8.591689189272435,518.4376079910803,38.80212315015255,2,2
142,9085.572987279265,48468,0.02033467510958066,936,10.708379400389065,503.39733307132843,32.205487798839265,3,2
143,7759.211971737295,22201,0.021405732498338544,447,17.795679948342805,444.52904799127776,23.33185503811754,2,2
144,26347.628408406115,139856,0.02753822590619715,4200,7.020680896237685,173.51700927350782,26.379947913846785,6,1
145,39140.20549246852,474794,0.040903755157034025,20177,2.0298532249962014,95.83134937007426,36.756844398390484,9,3
146,40536.260913948034,450846,0.04702371313343344,19093,1.885234542402318,322.9845410533472,65.43601715668427,2,0
147,37063.93929496199,580319,0.038913915253375474,23056,1.6893063187242825,165.20130182191548,30.181183902187747,8,3
148,36540.24174520441,535648,0.03631117398307941,19808,2.025724033293247,93.34612063475359,36.64663137982026,7,3
149,37856.0135668422,365659,0.045192613414075426,14646,2.209011472096116,471.17104649900295,79.15435458784519,3,0
150,30218.28127634218,197020,0.022718985597706458,5042,7.2618141974823125,152.8090595587548,34.375314598626986,6,1
151,14406.618879771266,74018,0.02006076947963009,1457,11.238967884460692,374.15225544748165,30.20422832523866,2,2
152,36245.29094084689,600550,0.04613024352975236,27849,1.270769403111119,61.58092969277843,25.068138047479344,6,3
153,37337.807129308414,341827,0.04256909667144957,12878,2.2326221667934028,319.5704697719356,92.816875057106,3,0
154,33359.65854627553,461245,0.03659198870845124,17968,1.9571476998252386,131.24642965451665,19.84330496249857,7,3
155,42156.21940427552,524231,0.04394163583626645,20304,1.854734091440631,391.1242691263197,65.53340868921549,2,0
156,9984.09483483795,56627,0.018873962872865954,1001,10.988025193523566,489.36456072614993,45.382606877712725,2,2
157,38235.962698347466,265108,0.042042043650565054,10047,3.0645317505316583,362.3256133804022,79.56375794055262,4,0
158,39674.8491918721,534644,0.04414858440252819,19408,1.7938450683108211,315.0076521383876,80.22657649617248,2,0
159,36222.92525556542,499423,0.04053045448456767,20882,1.8090505942346615,120.7566833819093,26.818866832703453,7,3
160,44757.362220036855,699162,0.03800716324808738,28211,1.4904992147623473,207.42994851955143,20.292379057814124,7,3
161,38539.992456917105,408238,0.04362924379486085,15855,1.9559850300817645,349.012168436139,77.59618657987875,3,0
162,32103.608392526876,194610,0.02396186975847274,5206,7.371631703871671,190.27809328441768,24.14962796302244,7,1
163,9743.51614801996,41431,0.015152834133313997,582,18.067550752678084,423.5190607569344,30.93979418274262,3,2
164,16624.99745084566,46242,0.01886106792859199,813,22.404844154490732,433.5589124123793,19.316967134101372,2,2
165,38400.06817974004,443332,0.03947915367224894,15923,2.054405054257073,430.6511654596517,74.34685627901905,3,0
166,29689.457402976466,203064,0.027428682273338542,6486,5.079678751274055,56.69373592699337,29.14630397155184,6,1
167,38255.12504619173,475419,0.044818271728886444,19131,1.8113822843036342,391.74775502496476,67.44268231772598,2,0
168,8798.875557409789,31878,0.019455987998051122,575,15.620431290227545,442.3819880893895,20.580190966345448,3,2
169,6379.0391532262665,36679,0.022302778242968578,748,8.798834841848095,421.7307471793667,27.376426014587718,3,2
170,41556.33261128485,572265,0.041557985242562254,24313,1.6649277289544124,138.02511031676357,42.463145036884,8,3
171,38228.118968752715,501771,0.043551107290214414,18953,1.7807096237907682,323.9997260854307,70.87307540234038,3,0
172,32716.65357970481,326230,0.042740076351906145,12413,2.281088353844413,395.85154324630696,60.88849580984073,3,0
173,37869.46270746217,455191,0.04111839734594635,17410,1.811642601364551,390.03626791298774,82.37011727995993,3,0
174,36232.97572336055,453358,0.043094247614350094,17777,1.5286260803206504,355.06907779418367,95.24095295722192,2,0
175,27495.634697878853,278246,0.02589356471878162,8272,3.7880328174862496,196.56843896201943,49.89542574272583,6,1
176,40388.01935977324,440733,0.04558649132371097,17240,1.9875248420949827,397.91633377329117,79.35530438227218,3,0
177,33975.428436101,495061,0.0440566641427544,22685,1.375011613696022,127.51327819586733,37.102043511549226,6,3
178,38483.66652437429,564517,0.0355550959946445,20795,1.8939369013073644,153.8254889188732,40.100168579856586,7,3
179,40427.3240915704,520044,0.03505952346687865,16922,1.833398421719096,343.34919445938243,76.9588172372422,3,0
180,26244.54234960366,244563,0.02622631024327305,7433,4.072777336491046,219.63382978585045,50.838698840119214,5,1
181,41100.04581153255,495331,0.03915425566714217,17818,1.9222358066867726,442.05429219107606,83.13024861403416,2,0
182,34824.94703293146,423204,0.04167889448925153,18198,2.007373022392062,100.82566402610503,23.370309345743866,6,3
183,10276.41973191976,59100,0.01936485089464352,1068,9.77947896441326,422.0353588283788,21.480802728487063,4,2
184,9128.644171438198,42965,0.01826412198782728,714,13.426634759188106,474.69910354539036,22.96232568231642,2,2
185,42712.63017823447,561888,0.04252471741163249,20734,1.8112681337754546,389.0627966664843,61.556864297003514,3,0
186,24683.310000113554,157158,0.028032792479589147,4710,6.734605773567032,164.4565824725384,33.01059759729844,6,1
187,37898.545196535015,364544,0.04260893699283503,14514,2.0847352590874912,407.10622336999205,76.32561936830548,2,0
188,28049.757941488067,228258,0.025914698667778104,6601,5.096821646941091,153.96668711823568,50.81858309283454,6,1
189,26525.317458302372,181535,0.026684165546978507,5501,5.547739969893799,202.8425020853134,55.44181703978654,6,1
190,30417.707775363982,190561,0.026080698167910817,5594,5.8962408848651116,143.98674932343033,32.20479064027189,6,1
191,39544.32671481631,310485,0.0455329808204298,12358,2.5229985457739748,364.0494879613125,73.49326878263457,3,0
192,37911.85053013872,595373,0.043415998154415686,27451,1.4570014580918214,120.81776880458004,30.540642229560035,8,3
193,38128.12333086829,578924,0.042201124963383414,25112,1.6484582522591915,70.68276958484131,35.49141176271991,7,3
194,38982.89917864288,416554,0.04948026307552865,18975,1.7980580126481822,412.2439353717286,90.21055562445122,3,0
195,34628.94335918811,457553,0.04287108394720677,17134,1.5889503772133833,417.03144043077566,79.88154871632484,3,0
196,7483.54442040359,22678,0.01772838374614275,382,22.279146405248092,462.9761376456206,22.346028623213527,2,2
197,42077.07716341683,449750,0.0390219737320352,15727,2.339768104085697,361.6029296424539,91.21097614820025,2,0
198,37531.90252928205,485321,0.04055823456674977,18658,1.5935410956903522,388.244459983529,61.058915465528976,2,0
199,26974.124104809896,149487,0.028543593061786707,4685,6.4783796618833,162.47614904963459,48.0173794731862,7,1
200,39653.01777472334,504893,0.04196165840958113,18489,1.9247675063885754,410.83205792256473,76.42965407912443,2,0
201,25428.240544082226,179931,0.027866514971055807,5564,5.194919226363837,194.93573887755122,29.91721616626295,7,1
202,25726.550990172367,203246,0.025451285393247,5675,5.185484060259306,158.49866231291858,37.41350899986487,6,1
203,26268.29311342468,216408,0.028763814592637584,6946,4.207472877886645,154.49904530427534,34.22802847462583,6,1
204,27344.794275007844,264372,0.025250417712048827,7500,4.3202355799646694,210.42082540551473,42.355990187900765,6,1
205,11132.273130769336,62230,0.02030941887102769,1205,9.506375750651191,514.8939568243206,43.50911029886272,2,2
206,35732.52011966161,401612,0.03919473367676769,14377,2.2081217747032045,366.1290819174264,68.82149260603188,2,0
207,39448.70661795475,636823,0.04127706572487103,27706,1.4532451806538755,171.24923117975894,38.14639267178773,6,3
208,39076.036829234064,480210,0.03933234572723908,16687,2.0542229246999164,406.71116226238115,75.6078585618614,2,0
209,28443.10791095015,236828,0.023547252939645075,6113,5.6295021639519796,160.27626850739307,31.52853703340572,6,1
210,36820.72733172121,440809,0.04152065846864725,16195,1.9612201256001205,393.40916007556973,86.68126042091231,2,0
211,29632.17536200768,284888,0.02682920858411368,8817,3.8729997392935442,62.69656902576154,34.15401432013912,6,1
212,11717.668220177764,54625,0.020614340473375785,1031,12.175926806364094,445.2050384568397,20.253770482382976,2,2
213,43211.75902868035,604921,0.04155080126637157,22783,1.596625280854675,359.3021937513997,78.91598368293486,3,0
214,36486.281729918475,395996,0.045219408820180496,15339,2.1914171428341875,406.9162319874551,88.2039091371742,3,0
215,28116.516641139748,281207,0.02497279445903471,7821,4.114727453983821,87.26034948980339,34.84645215618362,5,1
216,39536.05329321808,433266,0.04098461687096805,16179,2.135822254345469,393.47101426526467,85.04575982544462,4,0
217,35301.287600768424,342437,0.0463110907089423,14049,2.165493788163379,422.29085762509646,73.89966556637857,2,0
218,30349.648191325097,166923,0.028591194567791342,5385,6.555111655747083,175.50380702812237,41.47856255742785,5,1
219,29239.461238441647,210252,0.0313717505441809,7175,4.430045232358997,168.4578101530677,35.65572763834438,6,1
220,38920.520249769535,613121,0.037822562397910924,24915,1.6026361280935013,112.84563192057165,33.23134360242646,7,3
221,40262.24432118863,400418,0.04121688730700549,15251,1.9744780697446414,403.53093921837984,77.93855025411503,3,0
222,38130.04102710646,416417,0.04359376440380257,16040,2.104022094354745,415.151969640193,74.69112967815967,3,0
223,10721.838621422889,41899,0.022175814151195523,887,13.4341560267284,481.6086123230338,33.25600971286721,3,2
224,37867.73684255491,355639,0.046768131350854704,14455,2.2308131524094925,407.94152098584414,74.51253325017215,2,0
225,38000.17303980167,447838,0.03958811445890292,16268,1.9101576989386224,437.02041205907767,69.89772902961504,1,0
226,38076.62499262112,421350,0.03959523152244052,14370,2.37589520108259,392.6394047295379,73.64388634234221,2,0
227,29032.707519150183,199954,0.02557897947495222,5899,6.071295328160539,89.33666816845574,39.17877966597573,5,1
228,15814.625834837107,114830,0.019270438311036673,2126,7.412113088342438,521.115003097033,22.491100953656023,3,2
229,28163.127379978265,213782,0.028855042557589923,6961,4.64678875038182,193.88698671944246,42.773561363843314,5,1
230,28276.227462720788,266824,0.026211276181230536,7580,4.145190557893967,129.82801977327756,31.897595534189964,7,1
231,7457.6715722103745,39842,0.017914946260337426,686,11.845557410005483,466.7877864104554,21.26890464704697,2,2
232,36814.006530115155,352792,0.041691766278210605,12443,2.4511792511863417,351.4850991619865,82.9189324006435,2,0
233,36357.69577692581,389813,0.03638868486511445,12863,2.2676870446780786,439.39245706608835,86.36704487804579,3,0
234,15003.055333765202,25028,0.018861275510000157,442,35.46758854182301,478.38647113848145,38.42023430034998,2,2
235,40335.69862853208,652528,0.040060821713038694,25567,1.6598611619311159,102.00431162976712,27.173875593515728,6,3
236,35087.45583207462,555579,0.036421599672554976,20511,1.5628621039889055,64.69805199345461,9.925042314538382,7,3
237,28283.407433739205,193645,0.02837594263110084,5974,5.588699621190904,196.46936896048553,39.07235089163487,5,1
238,8275.624742282493,41839,0.01864932712627829,751,11.319213061689993,468.9382124417125,32.93812531473244,2,2
239,37638.31715024579,459638,0.04174167240663585,17111,1.9944096259957131,408.2348195177246,72.03552650401632,3,0
240,43597.188910723,405867,0.04814455570162908,17129,2.235637191481629,406.1442390006456,81.1685949206581,3,0
241,9774.053795688731,52323,0.02200076150775532,1087,9.296017556231636,485.4546069001273,29.338067109756494,2,2
242,30761.038842419326,291514,0.02456353002116913,7759,4.661994605367767,162.65600100180927,42.09223946723157,6,1
243,38313.099762359896,572580,0.04085623643426665,24022,1.6702481681895698,161.2426171064276,28.613409129118494,8,3
244,27320.142546422365,269527,0.026947561661790312,8158,3.7170793824377943,181.62435248984548,39.03389662439006,6,1
245,28055.081273360443,189948,0.026768855857303292,5701,5.343093785009359,153.1397263817952,30.782266893910563,6,1
246,24352.83507862841,215274,0.02728937358857074,6822,4.097107066016518,150.1445755844458,45.61465876828203,6,1
247,13901.885832673615,92939,0.02067663541910463,1861,8.77569997860929,467.20479952891196,27.19007804491616,2,2
248,30759.924395534515,273152,0.02965462518883169,9071,3.9440396259212434,146.75239061441937,13.86844138394242,6,1
249,36711.2796042531,341601,0.045600811532728616,13880,2.122104965732103,444.3771516036687,73.71596997037616,2,0
250,29855.455309658577,237565,0.027335494234794713,7220,5.157666583908246,158.2639873291564,33.34815551837317,5,1
251,38619.079437331246,368792,0.04078327339910381,12533,2.590390099347823,340.88699676374324,65.71115229567492,3,0
252,8776.141584055837,44802,0.018047949075655628,741,12.97775468194147,436.6058911848836,35.067583800740124,2,2
253,8131.718596189045,25530,0.015020144877437424,347,24.439334362227253,462.39898488341834,31.08568518337721,3,2
254,37412.78969571191,484353,0.041082514295556705,17314,1.9134907239646453,463.6040282289077,76.93967307443404,3,0
255,9882.390261574848,67789,0.016199157462849372,1044,10.296498862954433,446.9544964258927,23.583230634048107,3,2
256,13154.504508886583,74072,0.018904793394501164,1323,11.765766040646737,487.6330440773591,32.8355454737231,3,2
257,36801.55636488203,488517,0.04086986168503556,17989,1.7572660081764355,367.7898099678744,79.27105889090991,3,0
258,9188.49037282022,58774,0.01854692386768011,998,9.850723349473354,463.09719455414495,30.96622859970626,2,2
259,34793.70412998799,389765,0.04186762634517848,14665,2.201125828418408,364.1289402907885,76.44924734191596,3,0
260,5579.847699623358,27056,0.020851853734843488,543,10.038006043677758,494.6580731357457,27.40887107658805,2,2
261,27801.99893380461,258902,0.032176697116106656,9556,3.3509704431279412,205.28898980407482,35.945528934202606,6,1
262,36947.774636271206,632321,0.041486292477975674,27091,1.4083097705495555,134.86489651230062,23.31870534462204,6,3
263,37174.07787446332,422287,0.04492543939878631,16716,1.874040299666783,344.69914599879604,85.59340688198553,3,0
264,30447.671781369572,193233,0.026938292676277238,5706,6.114131595190373,118.07657571816617,30.153656859667954,6,1
265,37946.2276436749,377423,0.04396607281619115,14866,2.3060071635190402,380.43468084890776,83.04120495793998,2,0
266,40030.963679947476,566404,0.04405921994324537,25542,1.7019908807470434,162.1844170923454,22.973435031437642,6,3
267,7060.812783188266,18453,0.019015488254630116,336,23.53224053427535,518.9250217253868,17.615925459741128,2,2
268,28526.966218964546,244572,0.028448636515750934,8053,4.0737985112620745,182.71300737229956,44.35626631411219,5,1
269,26859.266377283922,126548,0.025309326225898002,3588,8.299985264050862,180.88497716969124,41.62128615961977,6,1
270,31298.12186170138,300727,0.024975671363648068,8256,4.194930514634056,101.94238583706984,39.50058698779406,6,1
271,22816.296702967597,187121,0.026563251876841776,5306,4.841829392373236,179.46145556282693,51.38186305053446,5,1
272,33340.64923861872,440661,0.03917633687499992,17786,1.9215623738237788,119.35411018685028,21.42820241729057,6,3
273,14096.719149988063,110352,0.017668195659342446,1863,7.691602434485391,445.2697868921561,35.43583955995035,3,2
274,27171.534474429587,243085,0.02984721421610119,8201,3.8461555647694423,151.43452475546925,41.99094651294362,6,1
275,36917.03866446278,567768,0.042510155863819676,25024,1.4131087479745625,137.68839900650676,18.917667474625205,7,3
276,26966.839836633913,144839,0.027581251021381516,4473,6.819556729521277,136.91296769021142,46.16042971418394,6,1
277,41463.16251839946,542220,0.04420779560514935,21468,1.6432724089425146,373.4803793046904,68.29944364795355,3,0
278,34814.84801449451,377479,0.04281033053332431,13454,2.1190988400158908,418.9966008568415,81.94869747225668,3,0
279,8936.952484943664,30869,0.017320950616275574,495,19.950676683144987,463.6652726048841,34.50807171546407,2,2
280,25800.24101510379,189703,0.023430091739939787,4877,5.432421632412234,99.97057133830651,43.37497925342528,5,1
281,29691.341257502372,262589,0.026566751118040743,7913,4.178541552887038,136.63966646723293,44.00062228024563,6,1
282,39436.79495090952,667264,0.03934742831933538,27910,1.4331469314896015,125.68447435175698,16.33708779422728,6,3
283,41183.426199169044,619247,0.03687063323080252,23069,1.7290996003982215,192.52796283659728,41.07834848265756,8,3
284,35401.86082532751,500974,0.04614607852399423,20050,1.528616206326288,403.5748332013591,80.23749400453222,3,0
285,44163.16996917465,693624,0.037881304884081354,27713,1.5268311696264203,111.53866539820258,22.27508980357834,7,3
286,41888.043201823886,636715,0.04203845025851863,27359,1.4816622360458032,67.50800276001672,24.7611981996798,7,3
287,11658.965912564434,36098,0.025388672558506447,857,15.519476065048568,454.50864457432914,20.737639599665584,2,2
288,13777.248091857859,64531,0.014069991333611084,850,17.641733630155024,522.1192493749987,23.891190363452125,2,2
289,42111.984038764975,599101,0.04599819343856884,28588,1.4427614728514595,129.38532382651783,30.906310367332747,6,3
290,39415.941130528015,594191,0.03622658709113777,22335,1.7569044364935535,206.98369110267151,33.37362442937836,7,3
291,13184.271741394683,50038,0.0234722040465929,1120,12.631122239557245,486.0149353017662,37.0167328157644,1,2
292,35611.99075985242,559254,0.03821659000982233,21698,1.7741816185568486,164.86837330632684,24.264807248451792,8,3
293,10887.914248319916,53462,0.018308637534868104,866,12.80219581038771,393.8357347521932,31.263938645837534,3,2
294,7681.973494053662,40850,0.01861155522015321,744,10.829893886109103,433.94186296867736,39.77295247682635,2,2
295,31121.480659380304,272349,0.027969863645736906,8559,4.342413844373188,187.6252871351286,45.73721086624924,6,1
296,11875.071276116718,45367,0.017740716034260806,782,15.743409100542046,435.8025979229083,40.390132086165224,2,2
297,10323.116603956156,42014,0.0202433698152103,798,14.405417171359304,472.20168346963516,43.41213823572626,1,2
298,15018.065625998153,96479,0.018220116724613055,1608,10.708351380663787,507.4801538495707,14.540537487286558,3,2
299,7821.793087423452,52583,0.014045584815755503,703,12.602127588680839,371.24155752049876,13.618262701796095,3,2
300,43089.699961178776,730740,0.040025911059629056,30248,1.3471566065027478,170.61424249953865,35.079929597558575,7,3
301,11619.752431261444,58063,0.0173502618670743,955,12.8211481902793,415.7668856433602,26.767661200817113,4,2
302,39200.71729337406,553643,0.04105725467476353,23846,1.732849916436003,92.8060683645935,31.13958340577164,7,3
303,39466.81002371776,599447,0.036167189579525756,22180,1.8962853927114571,103.38263650785744,12.053492720461303,7,3
304,11021.947276380983,28790,0.02278753364265064,575,20.52967255727428,477.49208803139476,30.118447904909473,3,2
305,24015.189493691698,170468,0.02596278974297852,5082,5.424628605193866,125.77332786978573,27.480525392824255,5,1
306,39267.946637464556,500876,0.04297026744326903,18641,1.7400805612807484,334.8646083705091,73.96667383309024,4,0
307,31064.233754250115,288128,0.02344402377869869,7645,4.555189171914138,84.79798311387175,39.908766251015784,6,1
308,9251.28492672372,65790,0.021476613498101448,1323,7.635949133478588,491.1300756815485,26.19168070711132,3,2
309,12144.09385665909,70696,0.023138597000277525,1586,8.37438451909529,475.7454955464572,30.15624883544922,2,2
310,25814.503223018695,191535,0.026822900542145353,5691,4.997775620786754,199.20213990407137,32.81739457840637,7,1
311,29703.980891847474,205359,0.026931328142028296,6096,5.44195568538388,161.1688194956466,30.488593409898495,6,1
312,7502.904619049271,48452,0.018877328725632234,878,9.25718425745067,492.36084693825933,34.47825777793795,2,2
313,41921.2284667666,478548,0.037551553630513636,16372,2.2919032697351778,386.2019952780278,76.70327126545897,3,0
314,43140.02579810637,610464,0.03663481504703472,24289,1.8057163805393581,176.6867782558589,28.09459530000091,7,3
315,39604.532862980945,592279,0.04204788892895466,25204,1.5154877249373249,65.69878829356016,33.07440026353883,7,3
316,34579.380336913375,323265,0.04207281310627035,12313,2.249849214505919,340.6561798336126,85.64715292984772,4,0
317,27988.57471917478,300021,0.03130097088132956,9864,3.342674003775662,241.25477124311553,27.198292250564577,6,1
318,37226.784216444015,399663,0.043692888091465196,16107,2.004798188238385,368.130839768631,72.72667896759654,3,0
319,23227.749281674067,213540,0.026987879378514483,6122,4.069501377873463,94.81409598133169,46.72553580035309,5,1
320,26970.936987287758,288373,0.023286358214067007,7559,4.100351782367484,117.57786800758802,28.22751767232382,6,1
321,37477.035134273225,494964,0.03990253848888763,20141,1.8725689204878462,58.09708984216772,19.11754157270434,7,3
322,29086.766770500028,251996,0.028058995767281887,7701,4.605491786408258,163.81703766255478,43.517509215573234,6,1
323,36871.87299796793,375255,0.040953606762330355,13592,2.2898410876606943,429.71457558671534,71.26092783907492,3,0
324,8529.61033277709,44841,0.019301546273637518,805,12.546711882818245,449.48087856048824,29.921968869987026,2,2
325,42012.462668342916,421068,0.04166682566658045,15563,2.465780353006271,406.20194777027234,65.12836963261852,3,0
326,29817.48612959647,309123,0.026759504421181232,9488,3.50571130584614,240.26928536511758,45.17062924564074,5,1
327,29414.17457848591,308094,0.032157194472065054,11621,2.970489022971713,84.53940761769003,45.25945829387052,6,1
328,24238.764369566266,181608,0.023598794289269157,4890,5.445610124427896,136.11403990524786,32.876590618266974,7,1
329,11141.348457658203,41524,0.02086824997847537,834,14.580461422645705,458.5691939750032,45.16565974282917,2,2
330,38265.90862683485,416336,0.042263087895142055,17956,2.151181778662205,119.53213382887162,23.828754096419306,8,3
331,36091.50680146226,294139,0.027393532431901978,9100,4.811470739541911,199.90324181876272,29.990011033606155,7,1
332,39679.71519748097,565677,0.04227927819824452,25428,1.6002314942602123,199.04581155558503,18.529260870559895,7,3
333,41180.79971729619,626627,0.043389318290733725,26581,1.6140422933493492,88.70572005976788,35.65634206935305,7,3
334,2575.682934587763,14172,0.02072168802826152,276,9.705282782359955,507.2575040387436,37.31859834157067,3,2
335,27395.947637742618,184640,0.02743313742932399,6078,5.106384040911067,146.99716638276846,43.32798218291756,6,1
336,40310.674100618926,408745,0.04106067373121329,15857,2.433542232793915,358.6028371325903,76.5733045393844,3,0
337,35607.75539838547,584217,0.04013953871782338,24815,1.4578694323812824,105.4353940277962,32.01286480363043,6,3
338,28194.614592063546,250052,0.02251387896003116,6125,5.187896524120782,106.15360915438902,39.206026348429226,6,1
339,7869.58655430796,41189,0.023491928577202673,967,8.551111613481183,436.9894000141206,37.22371291884684,2,2
340,41659.092342595955,415990,0.04491662257219626,16288,2.3449625249968555,347.92661203628273,75.16644399922718,2,0
341,5803.925025638673,27923,0.021758587652433617,569,11.446686862144901,414.4027414583484,32.956157799655394,2,2
342,41903.49284601582,667291,0.04111603806420888,27465,1.5031372741626345,148.75340858259474,21.207229089335453,7,3
343,35889.30193386603,381014,0.042640601751159406,14270,2.305424883384007,409.93819318222097,71.50272641563862,3,0
344,39258.06270097401,472200,0.04229126366765049,17697,2.2024672806580745,308.7727537282305,82.41101476570265,2,0
345,38396.058303023805,588456,0.042059327768168536,25837,1.494314106993099,131.55249962148488,18.62690405565105,7,3
346,12239.817642047828,32302,0.013575376303406734,435,30.57351656792891,520.3251369668201,32.045828642730775,2,2
347,10775.639719804612,37387,0.017759807980195736,619,19.24873370486413,490.99004256411735,35.984456795422545,2,2
348,41920.09060537091,470195,0.04451051397105652,18398,1.8319179433479795,390.21747845467127,78.84892742218912,2,0
349,34925.82412459025,554452,0.039483579642964096,22816,1.5174246541797678,56.09291524824003,26.196549810904713,6,3
350,27880.048120655534,186301,0.033006576647462066,6531,5.01081071995629,182.64254870992139,51.381574690642886,6,1
351,38689.016336155175,529123,0.043168125370878045,23979,1.7072249171911096,109.52334532285398,16.437254121844564,6,3
352,34569.369629760804,403888,0.040408914116327646,14178,2.282828886280389,393.42975027318704,63.66956879167489,3,0
353,29061.387138895843,291156,0.02418370764470277,7948,4.229541244816795,129.55821505173913,35.39159620851237,5,1
354,8125.3281895937025,36294,0.01959673592200461,639,12.834509447876615,438.7597372502747,28.176539661709636,3,2
355,11945.558550292692,58374,0.023942477053841144,1265,9.382661939970472,506.3564780835409,38.91484952157595,2,2
356,37206.18142878868,374943,0.04347619103733973,13783,2.3520175302112576,341.7920235772762,84.2037976448931,1,0
357,26633.99040230045,205276,0.027574153810688166,6354,4.8538693463117095,165.39783075877142,48.564210445264344,6,1
358,27309.880999634534,208368,0.025990559786157878,6066,4.872618171371462,154.10507352164063,52.97707053428042,5,1
359,43033.8622174786,704267,0.039802068010977146,28396,1.324901860900217,81.34815584836183,12.644827105513064,7,3
360,43063.83591667855,681760,0.04065613840915831,28781,1.4475923227311362,114.58675859821714,13.113616638133873,7,3
361,39486.43855413578,460282,0.040100396201347636,16147,1.9803995651928696,387.88879034484637,81.6534973817417,3,0
362,6217.654722030884,8832,0.01986441265369979,165,39.597578714147645,483.55474035095136,35.92436038581144,2,2
363,42942.952707274206,684986,0.03987175674665552,28134,1.5238565018838077,158.77139076185236,22.65305869182467,7,3
364,37648.52062327111,568233,0.03943482957245733,23092,1.6392730073295005,92.40613545550495,35.40585150468035,7,3
365,42706.10402057337,503403,0.043297558020151616,19563,1.7355099486946601,320.42328705973785,69.15440496715135,4,0
366,35004.88400349132,475725,0.03905529590845396,18925,2.0978517419346963,155.4718259785949,19.42962815222421,7,3
367,25194.523282227477,237053,0.027927266198619537,7437,4.226381012722954,163.3629718791787,31.013756258016116,5,1
368,40644.28855575829,582859,0.03875695753258105,23771,1.614027532448516,109.39621358402741,27.3516660803456,7,3
369,9831.915236265258,9541,0.016420409659795136,144,70.48730837258005,492.54667127287905,26.073515593674063,2,2
370,26126.36770271985,183634,0.025235998259384516,4934,6.108819175416243,206.81851662652073,43.85096957831629,5,1
371,5379.131914379304,30929,0.020001729496400875,583,9.76692807057855,468.7087920770948,19.266194810584107,2,2
372,23918.19359567027,231275,0.027333253298183417,6930,4.092722261090932,169.83989869861733,35.55843310519091,5,1
373,12429.737466438874,64648,0.023437564453222863,1394,8.762975794232776,510.9001510616605,32.70740619414896,3,2
374,41334.02398303301,483373,0.040093062979939774,17504,2.1904659041534775,415.5095076847599,68.99438718643142,3,0
375,34964.51648834931,338395,0.044724652738563846,13605,2.12380499490373,336.9407521852181,76.27416134712301,2,0
376,41612.08044097824,578148,0.04400823082233307,25619,1.6865944406220474,155.70321542865412,32.22910126526738,8,3
377,40164.22860912906,581557,0.03738835392510966,22347,1.7989092556155575,114.61142971046192,31.930951542253393,7,3
378,33879.26440546544,535960,0.038153613221632646,19918,1.6918218341317584,92.63632276998528,23.503922065744632,7,3
379,28739.530139349823,172677,0.028942767222631588,5561,5.474940345110999,98.53573041885453,47.915366385619194,6,1
380,27224.16662563033,239865,0.028651043523067708,7697,4.224010398494955,116.64052844301435,37.793150786087296,5,1
381,36887.29481982148,556917,0.04232392954619986,24469,1.5261429116926368,86.99765501674501,18.49115772922014,7,3
382,25260.88509678159,240022,0.0258481659560809,6836,4.1024415691658485,139.48697572158306,41.72700090484487,5,1
383,32076.14373697937,504253,0.041375485917659556,22233,1.370257543877072,146.86631199887282,26.56563524115881,7,3
384,30600.029358197087,265990,0.027904861800759045,8144,4.092308086907552,130.89874360441286,44.83262243673918,5,1
385,39579.6544275697,422632,0.04120475519985133,16140,1.886520275156584,397.49987671635637,86.41957400175674,4,0
386,10904.189960194642,37275,0.020723014073295003,763,15.833778077057257,480.5437920550611,32.99256526730204,1,2
387,11885.887609099227,36333,0.019232810129482938,684,19.11648670216075,528.8027948309903,24.142181062002624,2,2
388,30155.357132455774,216994,0.026564313167458248,6718,5.301070583004352,189.5222957450507,40.888015607341764,6,1
389,39345.925581595475,589083,0.03687865924787667,23006,1.6204869678910914,182.22162046604726,18.482191887417795,6,3
390,35095.086746548295,387193,0.04262127523187012,15306,2.0341330089987095,435.8479211470914,60.25720094615574,3,0
391,39221.86392020324,455530,0.04036852447249461,16041,1.9494074961362737,403.782028423943,70.44763589069179,3,0
392,39311.027522620825,694506,0.041769661043206896,29669,1.435654362822697,48.93395399510741,20.526241085309977,8,3
393,10559.481360876473,39210,0.020690526202185325,765,14.209044646370119,493.7083284699685,24.10619455113728,2,2
394,11337.670494595452,45087,0.021471833484538433,905,13.335316154467849,427.9418123653818,37.09298998599292,3,2
395,10299.870289862865,51236,0.020530956584748995,980,11.182698695725172,393.7211244478792,31.924572519958332,3,2
396,36754.961601168936,583846,0.04242525439384795,25910,1.2738388522503916,136.93778517567654,18.987834354882693,7,3
397,36165.26426520577,470541,0.04489275014312637,18404,1.5137812113907678,383.7510815205719,74.04543864179377,3,0
398,35532.822800589885,399732,0.045336557001847626,15829,1.8712964637615377,403.94410963191535,69.13377479990557,2,0
399,24975.7560055969,219865,0.028003648091078935,6625,4.39459687601969,168.372249447219,37.409615246192054,6,1
400,39755.41473053517,337606,0.04589161772232045,14107,2.267868145670783,399.29650477260157,84.86979210287187,4,0
401,37953.43367537416,571412,0.0408004465456581,25024,1.4355721436448747,106.11749633311692,19.957439058032495,6,3
402,27601.921337721044,193203,0.023859704609191068,5022,6.313671406762466,150.13321508326936,38.14149954975379,6,1
403,40712.30469525522,666063,0.040899841350518266,27518,1.4385590762961202,129.99271949322895,24.14834615461566,7,3
404,41157.84862976293,361711,0.04398516087130829,14878,2.335162579282812,355.2391670417828,79.0707200212376,2,0
405,40282.27971518654,448151,0.04208783794716596,17403,1.9484470455167742,332.49944280410557,84.37138933207274,3,0
406,40148.274799619816,417424,0.038505882198519074,14418,2.4915591008085123,338.3179943990372,74.78789295864176,2,0
407,38089.7557449759,504137,0.04304935239214664,19964,1.533132609277134,379.5134082746668,79.13504281146948,4,0
408,38719.00943006555,424366,0.04161760572752952,16121,1.9441152696601995,362.122445176961,75.96340216846811,3,0
409,5595.713076408729,33151,0.018681543559040496,599,10.308693763037581,407.25053248374667,22.905723236078604,2,2
410,11672.057012251738,62082,0.018270336259030448,1063,11.62722281806572,428.0594016232035,39.300703847069094,3,2
411,37296.83914221103,551706,0.04078178848711022,23780,1.5687017667720957,87.80440593720397,29.122778820970513,7,3
412,39006.948415811225,391288,0.04487284925555519,15530,2.3910775869301797,395.29194232156726,79.55668979409903,2,0
413,33292.838220779304,387340,0.04011060656346273,13773,1.8990481305431155,432.2426574610105,70.26756243294719,2,0
414,39841.65478886548,555083,0.03687206271414015,20372,1.8164635147222346,77.92226911848982,33.99122967721655,8,3
415,10539.183456616225,44246,0.017001509068785496,689,16.373351952187996,423.0790166396926,25.06468006155759,2,2
416,37623.499650109996,486953,0.04174000207006851,16949,1.8934970757045488,466.2071329516905,77.34315636843662,3,0
417,10817.371783646266,63284,0.017000353347138873,992,10.968149962087322,525.7986639369113,36.87166720631894,1,2
418,36318.89753706468,338310,0.041557000397814216,12246,2.798557408810468,344.8887786903428,63.237609549573015,4,0
419,39494.965735631515,573300,0.04091229708954829,24503,1.8465387981160433,107.29332569184197,25.46298636275244,8,3
420,15624.482817249373,101220,0.023236618727262993,2173,8.217787449241508,499.4740298363997,32.17072738434725,2,2
421,31663.8735489129,331909,0.04122941830766991,12066,2.2882270921154535,340.9406862023801,73.31839268384918,3,0
422,10219.578922501129,48885,0.018429853981687953,847,12.782167743068012,383.1648036477172,41.371182881826115,3,2
423,40772.08036975786,519997,0.04135636930531643,22174,1.7619685782249856,87.11898725121509,14.434431319665869,6,3
424,39269.57723255564,559472,0.03677127401890549,20636,1.9768880630466792,143.33390101579718,19.654572507080687,8,3
425,3962.3857081787955,20307,0.01940551709919855,374,12.427102858863337,433.51663855665447,36.52931730836493,3,2
426,37042.153314454314,439978,0.04385199865696252,16454,1.890416953547963,350.26862942124984,65.24040557548322,3,0
427,27815.37682714536,249083,0.028346547906129005,7958,4.270179522267255,167.27771948844622,45.19678371083159,7,1
428,13807.63377851593,55799,0.019228940578673852,992,15.385361772725489,489.8356031939907,26.902345884412515,3,2
429,38785.99045955442,471535,0.04076503860528417,19488,2.1179806688171907,179.3612984804034,23.352678578365545,8,3
430,8777.352047648674,28821,0.01895155705887734,507,18.903438473953827,456.8219705593913,38.10957567044214,2,2
431,8513.812713800966,39672,0.02095553561428698,741,12.013921765943522,452.9977886086038,27.74935943486037,3,2
432,42546.49064676212,450089,0.041587358552448904,16767,1.991737861247222,415.5197762338188,66.97872415910115,2,0
433,23081.80352674337,199082,0.02769868181549183,6057,4.721748700072899,182.84987022032755,36.86752601754667,5,1
434,39075.70743051429,480115,0.04574559187994748,19603,1.6248619945909217,379.82856076392295,72.48875121246897,3,0
435,40046.56922494812,374159,0.04193632302181221,13630,2.1824920379225943,361.1052688811504,78.79908868980621,3,0
436,5900.019248411944,28091,0.02157136467712735,587,10.250576402404507,463.58804227778967,25.174100804131598,1,2
437,42243.198287152896,594875,0.041297654098280324,24736,1.6852702422313264,96.12160233717312,19.937057892143965,6,3
438,21790.334910518515,154362,0.023523671290329187,4020,6.000254516456192,113.1795594475582,39.43231058456997,6,1
439,11352.235751726494,60751,0.01823716090392049,1031,11.558379585011217,462.3093681166896,37.93498793762866,1,2
440,44357.871786415526,435184,0.0442325382839907,18120,1.84358572523582,356.0847850766515,75.63424429876379,3,0
441,39463.96836942081,587198,0.04039735494301649,25359,1.6143269939965812,185.29721573494842,19.854307433498253,6,3
442,38047.85939695141,395968,0.03937785842247865,14231,2.3600520014768596,353.0630677986026,78.53482499028563,3,0
443,32490.13496549239,282292,0.02760762144001977,8825,4.161431703469351,150.67634494618912,45.72108022813459,7,1
444,5805.453379187882,29489,0.01673177983546979,469,12.903376021014695,439.298608671823,47.54424154273422,1,2
445,10224.291212365235,58843,0.02210859011545391,1234,9.26168629996791,433.8131089484958,32.959942289773686,2,2
446,35995.644041411295,431116,0.041507374684570775,15430,1.6936617843408852,372.4892422569541,78.47104926183431,3,0
447,14794.456059237387,61988,0.021937405649869436,1321,12.578649552576618,499.6893749747406,29.96547749229369,3,2
448,31184.214333940647,281692,0.029865076050177207,9521,3.731844390159526,181.8237388219611,42.30246245719789,6,1
449,38965.97231164362,372267,0.04372039947116022,14638,2.022551087895775,379.1195110708694,72.31946015424015,2,0
450,26462.45948185369,252429,0.02814782742501889,7877,3.4486901190537385,176.27205396344084,15.477358567299056,6,1
451,42125.278065929364,634502,0.03980050420247155,25351,1.6807526580174066,117.23970446182561,30.6362149400922,8,3
452,31467.555942668114,286126,0.030414960661159125,9753,3.6320329638744826,172.8450654682445,33.75641949194063,5,1
453,38501.23686229345,437994,0.042574769506854064,17121,1.8730934871057003,381.5536133428066,87.31747947149837,2,0
454,40298.94089682427,524326,0.04390971487164683,23467,1.8388227173501521,104.07207667387915,25.478271397311573,7,3
455,13944.06238422563,62114,0.019869131109406725,1167,14.141750840377169,383.9147723949102,21.402205676115887,1,2
456,36661.65741022542,435352,0.04309322031428488,16845,1.7514922056590199,326.44481980841135,77.14784506084595,3,0
457,40240.47661398766,622002,0.03933506790712724,25556,1.6018122085290671,107.20757356470395,35.76077420207975,7,3
458,41023.50663032003,461984,0.04657119471128901,18853,1.8830658100631334,299.3641211165404,67.38776252565341,3,0
459,39388.48153664475,581982,0.03926641790764476,23382,1.711745784789023,150.29002182106856,22.68125547339392,7,3
460,24570.549793624476,168526,0.027517900035821864,5095,5.490299305539036,116.20834338404546,35.67368274809473,6,1
461,38249.661170151965,588795,0.040825232732388125,25335,1.4842602364069313,28.8497710980774,27.34107885010249,7,3
462,28021.50134143242,229090,0.029169147689401126,7438,4.432590330433011,153.21137306848647,35.50956830771613,6,1
463,10081.801259947058,36901,0.015568558369436538,535,20.257379096289355,438.56202566586614,37.56312227104362,3,2
464,33177.021055947866,276819,0.024396345428346462,7584,4.858833239302625,178.71747817853938,41.434672487472156,6,1
465,34569.12244442722,476510,0.03705844717209888,18102,1.8067334378654025,152.90264912776144,29.549783418803386,7,3
466,27665.76152336204,160389,0.024284018041042625,4398,7.640483136749169,149.48922660060546,42.31363823180387,6,1
467,46831.849468898115,792693,0.03705755283949242,30624,1.6050979733088528,111.74063168942887,32.14953197807534,6,3
468,28408.250482825508,177659,0.02663097877370761,5227,6.229321071026644,232.7896564744412,30.91144478678942,6,1
469,38066.9082582823,338511,0.042019246750160326,12089,2.6086322291769695,356.8909679235503,66.29990887276051,3,0
470,11998.695947772943,43959,0.021178140659360453,868,15.534843136811938,496.9074687154191,26.54939139541272,2,2
471,40326.02191288467,590721,0.04005385444236776,24394,1.6061154764350785,137.72936407523775,23.639962516517386,6,3
472,27098.297886144162,206162,0.026610445507736114,6411,5.038016340712774,143.86545253699884,48.02422799178677,6,1
473,26742.701143087448,226866,0.03120448257872764,8013,4.023053712835573,142.3814919308883,37.328302148970735,5,1
474,6514.679847120468,22772,0.018629901277528935,401,17.722762737586233,497.48063628094343,19.046818090861827,1,2
475,30125.36387798986,232236,0.02977090365894111,7729,4.405362964135781,143.8730149257977,36.39296083590257,6,1
476,35937.94158425777,506754,0.038571069735562666,20091,1.785599034300861,147.90290134166554,26.80493727742721,7,3
477,10206.888765769132,68766,0.01893366310918047,1263,8.627082037047273,506.82433869698934,29.233485597334376,3,2
478,24506.518047366826,175355,0.024593108155742387,4700,6.135024746614868,86.73265890455698,47.12714517331315,5,1
479,30402.43130800001,281923,0.03212745788475373,10221,3.256727942197705,120.35468187232792,43.470459487818985,5,1
480,10554.547997008505,32129,0.01554969139834757,490,24.121779131920526,444.61480322945476,20.721809485571026,2,2
481,35002.89762914283,577919,0.03643782248789768,22014,1.7848281213215766,126.20964509803416,19.702818459029935,8,3
482,30661.570429478146,280289,0.04407519811775986,11207,2.1744781417376964,409.70293854917895,82.44517990875353,2,0
483,38395.79763266542,400106,0.043264890155137174,15848,1.985035537521492,432.74164484991377,87.83830182402323,2,0
484,7764.160085998158,35116,0.02209350845584216,740,11.237350295453492,453.1792482854073,38.01301525322947,1,2
485,11232.394852419928,52377,0.02317539416269497,1163,10.336757742791113,455.1381192798269,34.83412353195591,2,2
486,37478.01272525988,572733,0.0411269183586545,24513,1.5456920189793277,94.06979658284051,21.2907359180548,6,3
487,29942.787137125168,227373,0.030914380285404268,7622,4.481022380175911,118.74167114908131,33.653969294762156,5,1
488,8649.05173760162,18679,0.019118850651183458,332,25.79650880363439,420.9857830810962,30.810947855058167,2,2
489,12354.480913297084,76578,0.01712755457778982,1260,10.936968511256755,443.71091293643116,33.22539221374699,2,2
490,7765.098813161117,25346,0.021987504474538858,552,14.363476156179356,499.1907411218965,23.54517496778182,2,2
491,40289.84670531949,483743,0.041235039077657375,16684,2.069024271347777,458.45771619583036,87.85593075058675,2,0
492,29917.459226217146,194214,0.03093440895272067,6836,4.969038885872774,153.87121737483585,29.716456114356948,5,1
493,12603.584158428834,37725,0.021675425046244836,786,16.792099600763887,351.98555283004987,30.315980171890345,2,2
494,39484.19727617196,498720,0.03782357472365321,18987,2.082920917044888,128.3705810892238,32.15338747415316,7,3
495,38446.722611128964,628915,0.03775013080362243,24954,1.5285435359905253,129.60755717660072,21.68031179708882,7,3
496,12111.175288804316,52050,0.0188150229667987,919,14.076200208237562,503.37102803877326,22.63388504059878,2,2
497,31129.682810090188,299990,0.027858066427818913,9133,3.9690960490682676,128.3292227536041,41.275618401369975,5,1
498,30437.840645657805,211333,0.024554534801453427,5763,6.313573988518676,149.10042321533848,40.91147771425172,7,1
499,27729.86606114912,256178,0.024084958272845618,6824,4.863017090896701,128.66387348982408,28.41966089894302,6,1
500,8723.078626434974,62100,0.020780747824148953,1227,8.304453553083665,524.3456512288767,30.984979420937375,3,2
501,12551.084537459856,43418,0.017915952252757016,726,18.038734899779367,417.460912201273,44.448000602518675,2,2
502,12378.99184016,40634,0.016867506699030744,643,20.582463671627355,492.80104538040587,11.372339230773996,2,2
503,13006.351563409502,61379,0.02194199410525144,1227,11.06145051653546,451.4998645063383,29.96012169536329,2,2
504,28805.5283607851,284573,0.026597532522733836,8222,4.236456683410407,153.14362525421507,50.35352377271428,7,1
505,8585.11413244269,16516,0.021387642694119493,337,26.39949829247756,403.7876032279743,27.30075655708571,2,2
506,12092.462155375786,68726,0.02415712372799824,1572,8.746668528039617,444.54415935593465,23.40296365223408,2,2
507,34862.63864467499,493689,0.039374626631843095,20287,1.8448541955745992,135.99143144985953,27.85575540530065,6,3
508,37400.98440062848,421860,0.044033620157617005,16776,1.9670614788970435,409.90982246480013,69.48650030714066,3,0
509,39821.2704691106,455299,0.03710084580732336,15028,2.325241081965063,449.4071094428097,64.77618495014148,3,0
510,41874.67629104314,385210,0.04494519181405403,15273,2.0855609144077256,390.8308123426181,83.49201138596531,3,0
511,28639.31068866124,221149,0.030266863706177045,7452,4.422946174119565,167.6099774581813,41.07973209616266,5,1
512,7635.462425066614,28889,0.02121737161326272,590,13.397415283314974,510.7493541656476,30.913775780811093,2,2
513,38752.65445046153,552531,0.039326381486928734,22225,1.85379926658529,159.253384443761,21.56497809406491,7,3
514,12042.31070430326,70898,0.017955195283365085,1225,10.144785301831627,504.9326797278466,15.625790459652672,2,2
515,8488.722921234512,56565,0.019709234195163967,1031,8.922722620056241,514.7940795355717,36.26139515200181,2,2
516,25998.65504955069,144291,0.03192972195699494,5111,5.742717736709812,116.69461614830537,51.87034235009816,7,1
517,12417.572757573847,71233,0.023769128258223134,1583,8.33262709784858,402.14260001869866,23.850303268357823,2,2
518,35232.203853982646,603353,0.041205892645620246,25347,1.4174172372434872,103.87741673960197,29.306138104142406,7,3
519,27857.24251461076,258647,0.027217370942930273,7559,4.513043236090361,120.65904596577987,52.10136628460001,6,1
520,29488.449558330773,218573,0.027859991390324072,6893,5.246122200757226,122.02912994011875,48.82631611694843,4,1
521,39817.77568229194,567840,0.03967927344745731,23483,1.7390052876397564,145.04493078761894,25.412463229981046,7,3
522,24092.361593238722,183161,0.025753748353643177,5324,5.205867029955232,155.6516264733311,50.32486181833213,6,1
523,10544.314455178423,56073,0.02127531314702989,1167,9.919855912288275,458.2027224236667,34.648716514824166,2,2
524,41099.784401045385,484865,0.04381605520981555,19465,1.8165697902243383,331.1402156833773,85.05149462663442,4,0
525,41807.29743323008,459472,0.04092690959445413,16699,2.1224184941491107,395.8390768655463,73.87314596451336,2,0
526,25784.66026646064,269989,0.026406376684782955,7647,3.850149706837686,103.93216622921655,45.36965999262848,6,1
527,39438.01839125776,586436,0.03843314120643021,22240,1.695457664816212,127.71493016298939,25.579254923364076,8,3
528,36049.01725610577,426679,0.04223366740702407,16529,1.7813203351746592,410.77241435015753,65.28021362531288,3,0
529,40272.740689207785,518656,0.03930302816379684,20922,1.8184331633267925,54.212789710149174,29.569358505810218,7,3
530,11844.663580281622,44686,0.02343448911318223,967,12.277480090854182,448.1788775338185,12.832278523518687,2,2
531,7114.883912597753,52183,0.01964384670123805,986,8.225046780589684,507.15171912308864,25.689400519696846,2,2
532,40793.236700513145,363442,0.04306357547116249,13842,2.7479043870777824,364.0574970878721,64.83192405215385,2,0
533,40004.62750842005,679598,0.04043972382528449,28886,1.3951562217202642,87.45159133121686,27.39709403206787,7,3
534,29162.03880171599,265011,0.02976520747500174,8800,3.807545393164305,151.65859709335214,48.52599415133646,6,1
535,32160.804880872678,190113,0.024289212171634735,5379,6.500662625467485,241.14432221775922,43.68042153902959,5,1
536,39907.425261142176,394880,0.040669859791244094,14502,2.2481561172742497,325.50112134884364,91.72828622227729,3,0
537,29277.639333609626,161872,0.025485282377120895,4611,7.227286182116399,120.89565746114879,37.62989264495268,6,1
538,40022.18420645444,346529,0.042278474797611404,12713,2.5338965209846616,332.355860834123,86.47950615213209,3,0
539,43211.34112211303,443949,0.0406629781762194,15935,2.1868106260561997,331.836792012256,71.53746011607107,3,0
540,39788.95127627792,363304,0.04228634387817191,14002,2.3826029996851705,427.68280132715404,69.91154989303861,2,0
541,38336.76889544157,317384,0.044050239902317795,12421,2.7518078708930265,413.32773292612217,75.58149873442967,3,0
542,38163.00271262758,623888,0.04105816849914677,25967,1.5264800434229788,147.82841149593494,20.989247996036884,6,3
543,7197.96495515541,40051,0.016844958893699944,650,12.08466711266812,426.8730867836464,28.491197179089404,2,2
544,28220.745265461206,223060,0.02865330316266109,7209,4.760037293381653,142.03979878102433,44.16411009445162,6,1
545,40423.12227968869,489489,0.03790952389917599,17259,1.7224020126916688,382.4315370989882,71.49852248256443,2,0
546,10024.2834079681,46402,0.017551690930122273,745,14.482414712223681,466.50968276073564,36.15039867381166,3,2
547,29038.764250777844,241159,0.027718671845722104,7121,4.6205106348953064,159.39960527845196,40.656447647703715,6,1
548,13585.295075293729,52367,0.02493122714912608,1284,11.276413809667234,488.7288357014999,17.456312211172204,1,2
549,45159.4562073073,721631,0.04166392191761393,30483,1.515031908140081,192.45933898071587,31.045840925259082,7,3
550,33012.581101340096,537396,0.042538375632732134,23233,1.4608978576826739,97.4980423376585,25.618955910885994,6,3
551,29716.078106436576,267680,0.025991456749315946,7668,4.606554732340584,122.4593356878583,46.55816344815036,6,1
552,37784.82734624409,480230,0.043715251682542845,22069,1.8360734669930767,148.3460065981844,22.405421410913533,7,3
553,5510.8829620653605,22664,0.019193418688543754,417,14.14139420416425,447.45578250193586,33.55081556479039,2,2
554,40124.51366798884,532196,0.03706942178067852,20887,1.9397133956624997,62.50785354975316,30.367999647471102,6,3
555,30869.10234584886,298931,0.030339461980276726,9853,3.6906504717593087,96.49978183896694,40.81614768375778,6,1
556,8842.837815493345,44141,0.021174457303173338,856,9.981390648854482,438.5962065342431,19.100604654517834,3,2
557,38199.878256685486,579907,0.04076950669343802,24398,1.6044146596149889,149.7323701142377,3.0928075235321733,7,3
558,10263.756287500435,50347,0.016039651166009396,768,14.668756006589966,537.3505704114046,34.79810678364505,1,2
559,21185.939269785817,172328,0.029009531547522817,5405,4.242271925065643,119.69203734548125,28.88558505893915,6,1
560,8712.241065621325,65132,0.023612741080467924,1393,6.130705763068559,504.1970439529077,21.14736709389576,2,2
561,31123.045237037524,215051,0.027885735522758567,6772,5.464680674407246,152.90259657708896,33.82359556558537,5,1
562,10873.54018477134,47337,0.01631930648865276,706,16.834220335799614,382.6845736308641,22.1112762537003,3,2
563,9227.89097178753,34797,0.01965196651873806,637,16.075617209998537,454.2952326379552,35.40589184001242,3,2
564,38327.81317013038,486831,0.03682556449287312,15616,2.0008293979759126,292.23770517941807,77.16074321619917,2,0
565,27007.856239258967,279957,0.02872769764883184,8856,3.4172716025097234,139.58659533297254,26.8682036331266,4,1
566,7082.575066177783,64224,0.019937819819460315,1251,6.1330375218441135,486.10867730262817,25.91848389794786,2,2
567,32032.057627644983,265994,0.026577496021543655,7539,5.074030639658916,184.10396780057164,44.56005671920944,5,1
568,30167.513359605226,302585,0.02434857502037155,8001,4.3249236876053265,147.1345141144483,30.59578168734354,5,1
569,27975.595515672696,202198,0.023594323687597354,5205,5.866085383835175,165.74984048549885,39.73218231151645,6,1
570,29284.450063144155,353347,0.0287518535155388,11501,2.9941851512624567,81.48466619905244,24.87506119201475,6,1
571,30263.458811674045,256700,0.03009179883509496,8817,4.235473956835226,209.08816247959024,31.87738793053,6,1
572,37080.42856126188,456765,0.0391941369088449,16471,1.8491163555603571,435.3919400559819,78.20246625659198,2,0
573,40590.141279629985,331381,0.04439431994370585,13147,2.590626020118756,317.92221309061387,82.57088301222497,3,0
574,36055.69411631191,565711,0.0376711949781458,21401,1.685243560582897,132.91293777894813,24.225276452914663,6,3
575,41072.66926558253,426445,0.042223143690391735,16052,2.2128925386331666,365.9045272852709,76.06161754422811,3,0
576,28791.223873509138,244644,0.029845686543034766,8190,3.964162083196118,127.31348879540937,55.025377232415806,6,1
577,6344.149246517189,20021,0.01656069298458461,334,20.724072496236015,449.7486001142629,24.677077613518048,3,2
578,39230.735301248555,543303,0.040597874225252024,19845,1.6654606728159516,280.7789978497938,66.09666366723283,3,0
579,39559.357907916536,407892,0.03977055955018637,14643,2.3566360933710335,336.6387742100083,73.10637568663951,3,0
580,37873.153172747785,407365,0.044637352396112544,16426,1.872847873505167,327.2430359018126,76.88309147516517,3,0
581,26499.641682337424,219385,0.031803943701998794,7950,3.4733188063509757,196.67923757514913,40.31165761039745,6,1
582,42478.19165263653,470221,0.03966735306469175,16719,2.224689547234561,414.26701792536124,77.88339440822189,3,0
583,39959.827750110824,525914,0.03748535579869061,20149,1.919384948208911,81.98198546480194,18.939100372733353,6,3
584,36393.20845837481,526160,0.04370657851059426,20371,1.3067628847574766,320.4792742301171,73.26222620141132,2,0
585,35559.86248814878,475870,0.04007356889596408,19740,1.8365295468589486,49.56191431435766,10.459264688770745,7,3
586,29936.150359531108,243078,0.026546772373913993,7234,4.761459281368208,139.6170105957345,44.67662326328986,6,1
587,37946.07934075073,611094,0.04494701174667709,26877,1.3876176890325411,153.33262010494127,36.93630401478833,6,3
588,39538.26441438835,387956,0.03957297364113423,13792,2.450544041625275,399.64501217026975,69.58171696540705,3,0
589,32701.702433236216,255596,0.025127682283727047,7219,5.295573115471077,134.2561861740689,47.143790138279876,6,1
590,30066.87207643445,258269,0.021551552169908596,6457,4.935787618648652,116.86858694427556,39.6410389461744,6,1
591,30327.541140889738,312025,0.025397717148303363,8895,4.270578813409712,105.42646021566227,42.460928924711986,6,1
592,9178.952672982821,60128,0.020186098403310388,1100,9.471824988466711,403.9615828584897,26.407085689284532,2,2
593,40949.66364857974,663335,0.03392377651891911,24022,1.8580563506207237,97.38965379623245,15.780777235042349,7,3
594,40611.35547154473,583066,0.037608281061600995,23040,1.7065505827898682,104.08395327199017,28.52857416276923,9,3
595,40474.77436033038,547035,0.04162511026718244,23232,1.6120510773051233,91.88973564514934,26.795384951878003,7,3
596,37604.478339380425,717687,0.039095252560049976,28011,1.2443154224461115,120.74784328710253,42.22820473043278,8,3
597,12553.781581862348,70674,0.02199612610317855,1474,9.122213228969327,457.0747286884894,28.17884082506737,2,2
598,12247.472129728927,57117,0.018491613065565536,1016,12.025813713127114,450.3997857370717,30.440187616452313,1,2
599,28111.96038644795,255519,0.03075253702839998,8612,3.638611331803229,162.92631961622334,44.879580880756066,5,1
600,27633.34675049054,274487,0.022925609142488375,7071,4.585923772834502,130.93883057052597,45.962382836220826,6,1
601,42015.13903225192,454212,0.03999077376189637,16664,2.1002806099988436,341.5873059148713,65.06436723534836,1,0
602,37868.11454453775,581889,0.042935743276687276,26496,1.4008247383778125,75.98347914869281,22.47692618486812,6,3
603,32981.039602475044,209175,0.03301948423569591,7778,5.163357481092574,190.76494017268368,48.402423024927074,6,1
604,36432.801880801424,512299,0.04153630048102751,22356,1.6015961471438749,78.44984623233687,32.1856210943822,8,3
605,29438.715227780725,252563,0.028768928737279313,7986,4.135965363686558,102.4900408197243,41.04101577200826,7,1
606,26080.56750951914,194396,0.023345640089155722,5045,6.242162157164036,195.4827985373561,29.91508578742405,6,1
607,34163.93184690173,319449,0.024196470233437004,8733,4.200228880665469,173.18788076569032,36.13184839806847,6,1
608,11787.060903880492,62523,0.01824072086551489,1089,11.68431079356648,450.95573220218427,31.45391854864037,2,2
609,9633.147957884821,61798,0.02338701857368447,1332,7.540330999441208,462.8374618607085,33.84334123761902,2,2
610,27341.758412802465,192938,0.03002420339613921,6497,4.86229424297733,189.26067139869372,37.840656810596556,5,1
611,39130.617945270074,356763,0.044505029952203304,14183,2.396065926261728,419.7049756609172,68.39581129000294,3,0
612,38042.94695346697,287696,0.0388495753702932,9748,3.63141481714585,344.1133815998265,85.00972246991967,3,0
613,9601.67483006871,44663,0.01463956851806756,616,17.34417893531846,442.3457363330666,29.57246102870208,2,2
614,7309.592055312136,19767,0.023117664874986153,434,18.15705110508003,506.8150255270918,30.352075341783795,2,2
615,9785.992754096735,54933,0.018764278674242896,958,11.449230100581053,501.9364214441434,34.67350252931052,3,2
616,5873.551291789379,30926,0.021257889075461806,612,10.43811978816883,383.8543627130238,44.632205195606836,1,2
617,39337.44660972119,527923,0.043758088525301934,20457,1.5813432006767927,330.8432835123957,64.91972472275924,3,0
618,28762.287666657638,211487,0.02559341138954954,6185,5.531310549336064,126.01738771599052,35.74439444120351,6,1
619,26856.647975846066,172973,0.026055762368532354,5073,6.085966093221115,169.49744924696108,39.622711433764636,6,1
620,24316.46224362439,243491,0.025957138304617676,7081,3.903480386607165,151.09946481774284,30.271434801918666,6,1
621,8298.465582123925,40238,0.022832337298532627,877,8.950837508933411,521.3836092197309,16.896778719417,2,2
622,26832.235327854472,206697,0.024334313769127945,5703,5.614115848041351,85.62372238735499,35.15856551850609,6,1
623,27580.84909742046,234006,0.027170286301941307,7082,4.43945664587268,164.12734510040096,38.70501242352577,5,1
624,41539.612656518126,416534,0.04639642271615699,16199,2.2602312635067516,374.3371106660473,79.69219814718451,3,0
625,36863.20188879972,412338,0.0426481993989519,15512,1.9070773950869797,387.4299747527612,68.12047294840849,2,0
626,15111.932886630713,55504,0.022342881789979153,1112,14.831987678190435,460.6894291863389,28.751345432406367,2,2
627,36672.0844174296,419409,0.04425021035985064,16094,1.8031711265570272,381.6393703146019,67.7148571128996,4,0
628,13834.263902082957,67184,0.017286209305625185,1104,13.663465735865083,491.22651777158427,31.212208221254244,2,2
629,9456.265736841304,36436,0.02150373342880978,772,12.374241757428836,515.8260550128268,27.99915543527981,2,2
630,7338.458266550648,51396,0.016084288545488146,776,10.292313993024502,500.25065666817375,43.16841525558074,2,2
631,40638.12832906789,639593,0.04231781341438092,27277,1.5422858803408497,55.19231593695354,17.881034861372317,7,3
632,4073.3991978720064,33820,0.02183443248642675,708,6.339216265639086,473.79785178919997,18.67916392349737,3,2
633,7507.895336996937,36718,0.01711996667838274,603,13.168536926547995,477.82937129346055,14.67733594362971,2,2
634,27500.39581943793,197461,0.026782516445272922,5728,5.658096653393455,169.4922060868574,38.09133930194389,6,1
635,38031.067940428766,498852,0.04049331100972395,17590,1.8695575155692647,446.0945777334901,81.82783218723651,1,0
636,36818.568897476514,492159,0.04224944148359148,21662,1.6699772172152931,115.842917875028,28.495292599529893,8,3
637,28615.985325110472,212488,0.025247751397421372,6158,5.356724531341279,158.303837518515,50.26135761462393,5,1
638,29851.082422802043,188437,0.03082274539062005,6411,5.180158994392098,129.22661986752297,50.41407241195366,6,1
639,35175.392914204356,252350,0.02662799459489433,7453,5.49482724233186,101.07855708535861,52.97210803480217,5,1
640,40749.153896793214,633004,0.04208061021950631,27326,1.4554844667424993,135.91248717605103,25.915371124612424,7,3
641,28489.350931513603,268954,0.02704237264946964,8215,3.8342284707588496,201.6315983648651,32.45482893518833,6,1
642,35085.77455248934,351163,0.04209685660406099,12971,2.0886288378194267,309.2784087085358,69.97027342801184,4,0
643,30890.932703033515,332596,0.02481649827992439,9231,3.6947144713869364,197.54763453691285,39.02948051828892,7,1
644,35408.48066784462,358113,0.042338480591785244,13507,2.229109662089002,365.0208665643119,82.82579299437546,3,0
645,9488.075623572538,30465,0.018048621136712933,505,20.638751569058844,526.2412617121627,32.38603859218701,3,2
646,7716.257087507172,37829,0.022115832008501778,801,10.128219410181755,369.35150758892064,36.27755753498935,2,2
647,7254.9920925236975,41525,0.019115044997699268,741,10.339203573247808,473.9891177094318,23.34211587591981,3,2
648,6570.031857620502,18360,0.022520386835594708,371,18.88051114981406,483.09837219187824,27.875749336191795,2,2
649,14192.842299218592,83605,0.01699179288130818,1406,10.695858929417172,475.3267078053484,34.26396963408155,1,2
650,12261.899202273042,7114,0.019772052958438743,132,96.8113712299677,398.5324104284431,36.17010637175691,2,2
651,27622.2793912971,231082,0.030036961103560557,7602,4.385678775771009,153.1878965025544,37.88798258445732,5,1
652,9729.069154127035,23287,0.020861888006209566,452,21.71393025179527,464.9029516406704,34.805548072714615,2,2
653,35336.834582086245,380251,0.04343182302159013,14820,2.1329233051340206,321.6422797786112,67.95482489692586,2,0
654,42895.13976556045,551022,0.046793247604399124,22528,1.561055847002741,389.45093811892104,80.12599687808695,2,0
655,28035.277159295143,238089,0.024491729840202876,6521,5.143717999105327,113.04542097030202,47.052371603017015,6,1
656,41778.23305220526,635737,0.04076217522425072,26940,1.5523322897332577,127.89092762574606,30.474356732595975,6,3
657,36072.64614690094,545144,0.04564572453828237,25432,1.427629312618581,115.41048215189028,21.514333404887292,8,3
658,6216.51449821943,49174,0.02086770549754037,992,6.620486145343013,466.7334019922004,36.401730311235006,3,2
659,8596.432661031777,50945,0.01759541456001671,836,10.495229590049192,505.2159224924927,30.316509540583848,3,2
660,41043.15949661903,589537,0.040124436591280496,24401,1.6140128274278094,115.11774127271184,28.354524383507258,8,3
661,36602.628208468355,581710,0.04021761411238632,24531,1.5213960160361168,160.49773620028722,34.39034999526375,7,3
662,40052.31899195825,516166,0.040552763182358696,21513,1.6244443883874442,160.60052092370046,10.559354249691735,8,3
663,40651.89340156957,519388,0.044002653736441515,19644,1.9542799903989185,425.1292603787445,88.53890160907201,1,0
664,35429.633096807374,578689,0.038323290210934,23289,1.5142653872830314,83.33526903848987,30.330864831582122,7,3
665,31847.24150324958,242761,0.025885674357425725,7232,4.968542901154151,164.6433939357781,42.111205224879214,5,1
666,26611.35706404626,147199,0.02687260808293293,4378,7.07920991272161,135.85559869863738,42.52641303862298,5,1
667,32612.065440159622,277244,0.029245681527850266,8842,4.23355651857078,177.56908207138306,49.23403518491745,6,1
668,37363.8704028909,391991,0.042873987370793336,14519,2.0416543539714582,393.0853437079941,82.51734495828926,3,0
669,11083.107185929235,31088,0.019951690202462735,557,21.297634860133275,423.60900671332985,23.554874912648437,2,2
670,27018.499357521177,239140,0.027712124938855727,7224,4.265886347062763,186.93014584241524,45.38919470365954,6,1
671,29412.940675531052,282199,0.030865742730509835,10144,3.3280261317755633,166.73543195947582,35.827534277631365,7,1
672,8422.844463293135,38525,0.02063796968328093,729,12.393500900956672,485.257644488874,14.90392586145513,3,2
673,27949.75339052098,299313,0.02599734161094866,8623,4.001883528004192,125.83285297206605,41.81382625748697,7,1
674,37625.50362507569,387419,0.04062913898709113,13760,2.4035320362788837,374.9100769112924,84.04457122542155,3,0
675,8493.672845651086,47669,0.025693707923504457,1137,8.198226270968838,390.62269630279974,33.38776604705919,2,2
676,13410.26568245721,73551,0.02276637380732429,1577,9.262767534272355,467.1473256398056,34.70540459942463,3,2
677,30739.864280952806,359027,0.02479104027471127,10402,3.434789488705232,126.56078973774952,37.07063822604929,7,1
678,36529.693627065695,515046,0.04277987703444695,19273,1.592756629562372,404.3089073565107,97.61062440569832,2,0
679,8020.661213520265,16622,0.018088947080228214,281,32.38246491599476,433.4950963569779,18.117684831719547,2,2
680,12014.094934896097,66797,0.023063329202657582,1407,8.963052079341127,486.01715162975876,39.41983015576507,2,2
681,39460.428758965296,437057,0.041638111006256064,16868,1.790686328544851,404.180115026933,70.00733734549496,3,0
682,29799.1598112293,264930,0.027393570389569515,8043,4.479496608658815,130.81276924023214,27.678348553402728,5,1
683,41294.245086513016,615238,0.0427036344961117,26380,1.646576634520521,102.77488385883576,30.35091671466349,7,3
684,36993.25704385479,422910,0.04444849825160918,15906,1.9171302231132321,364.77052625291196,93.8798217469014,3,0
685,42797.77239002082,397196,0.04058082065312752,14581,2.6330724402071968,459.7017462412831,73.98497230517955,3,0
686,10685.2926923045,22414,0.019362101350586733,429,23.783854962305057,415.15437235554555,11.326522546543819,2,2
687,36256.9508389187,642219,0.04691707258795748,30721,1.241694172666991,130.64453950355136,20.201091511847096,6,3
688,40235.08693630878,581736,0.03836939321193933,23457,1.5835424406732326,139.204405656717,25.97346803255316,6,3
689,40168.23195407134,427240,0.04605702807089571,16965,2.0014006153749246,417.0053683905408,75.4380376181916,3,0
690,12788.709349285258,59350,0.02468024139026618,1383,9.878488848545857,475.89305868102974,18.44498417444747,2,2
691,6420.738653525121,29897,0.02046194178259771,541,13.460174228885311,417.4476466797512,32.185654183024766,1,2
692,9327.243679961379,68977,0.017196182641083933,1103,8.859476280035697,478.31574788889816,33.4609192128969,3,2
693,40473.37182733359,448223,0.03951254407891365,17949,2.293348050088623,111.65894268965613,32.077821141686584,7,3
694,37952.47261060301,351310,0.04225943212933677,13783,2.2044400261633608,422.84416543774176,67.55454635392742,3,0
695,39435.46614601108,559771,0.038604816711631844,22318,1.8361349670497666,145.0857355430754,24.679483400327204,8,3
696,39076.31222365759,481414,0.04024751571212119,17368,1.9607138169390652,380.8904334122494,71.82324174455746,2,0
697,40926.648967629335,676594,0.04014194747047818,27302,1.5657108923625163,112.79471088111015,21.711867479978622,7,3
698,38122.336550107066,377263,0.04117737010906745,16490,2.4262219298870695,86.60682581126342,34.20053218409668,6,3
699,15644.443890814813,82952,0.01956308409478218,1556,9.400238220500189,486.85674402207604,13.854611064504734,3,2
700,39796.46032501743,634505,0.04061659296297744,27233,1.5247498409085396,75.71309470773507,30.80156834657455,7,3
701,7798.741315311634,47990,0.02013190338808915,923,8.829332265505991,481.231622664612,26.10244009083859,2,2
702,11283.384308436447,50672,0.018487745840699264,885,13.723691054036122,410.0784663276813,30.187498190759023,3,2
703,31674.285625345237,293196,0.030381090287461804,9919,3.6102471549370403,248.82850850958096,33.8644253674231,7,1
704,35974.699791074425,491127,0.04027190596891014,20530,1.8056485955676567,130.53159897840104,25.96110714159055,7,3
705,45106.0103264679,502926,0.042426850381954435,18964,1.8738630158033902,434.75953896508,68.37515593753363,2,0
706,35914.98498517622,567306,0.03898723237717979,22515,1.570580625995554,93.76702900226086,15.755855813512706,7,3
707,6437.31290984401,28048,0.024922775424723643,665,10.394978066701645,525.8055159144394,38.009518512077264,2,2
708,9941.321140869479,50026,0.021288564849456765,1023,11.017761495292694,437.6521215537517,29.908582632685537,2,2
709,37192.47863580126,620325,0.04057500681319689,26268,1.3684347695538326,157.98533906682945,17.359316811462783,7,3
710,27019.8681407486,233754,0.026648999242455618,7270,4.478520812875484,125.89062304634503,34.964759400694746,5,1
711,27613.8633060763,199644,0.030993615164034045,6783,4.492815055200463,145.38593346424486,41.91238077013885,7,1
712,29236.82694943929,252545,0.028535691909299672,7843,4.27196703614391,152.36802988587368,36.170783247081175,5,1
713,25723.166642131593,220320,0.022445260023573874,5661,5.5550745046922,164.69067824371166,52.94344615608901,6,1
714,42005.09151651082,561160,0.04280175098759235,25248,1.764719799034422,142.27051467979558,26.856552907811416,8,3
715,28193.92017919178,167255,0.026822374021105322,4929,7.077672541949627,177.88223734292006,49.41393448338681,5,1
716,37189.11868008119,358201,0.043210372581267115,14429,2.175215955368147,320.9668351978964,80.06005148635393,4,0
717,41503.155455421795,477917,0.04197731598279969,17651,1.9737640023547658,409.6851529441401,74.81579073894574,3,0
718,41871.314933452086,673983,0.04026369658678327,29168,1.5235392508316135,133.72387171133485,30.161220394428867,7,3
719,9682.021076023731,45805,0.01954013865445643,821,12.90185651772069,498.4472429921142,29.854012257822387,3,2
720,37507.88033290229,555058,0.04009364310255131,23068,1.7257671731402868,127.18901482885798,14.758091497492648,7,3
721,25178.416308526306,189696,0.026947239381626756,5689,5.231652110306817,128.21891319543386,47.780948307811876,7,1
722,37436.625833200895,433828,0.040825048862267774,16131,2.059784728255347,403.5956040918741,87.17927455752368,3,0
723,45994.076678305006,809367,0.0393506350110592,32999,1.4843463346326027,112.4127279511021,34.30473788618035,7,3
724,40703.48133096508,664107,0.03993405339776209,27342,1.5359929305784468,68.25152798043574,12.315651028858568,6,3
725,38038.542370207266,427385,0.04257916268367898,16038,2.1059358870665856,380.67802667532925,87.93663344507816,3,0
726,38501.54383808612,645986,0.04031057117460833,26867,1.4940408415407593,131.48280866748956,22.890855903058643,7,3
727,39034.33320361064,549438,0.043659591178049316,24220,1.5054671938193516,109.50151052241364,14.43258406942637,7,3
728,14086.496539009135,56183,0.01729486428024909,933,15.312676693650387,477.41981883060976,32.83196289406814,1,2
729,37856.18830658786,571474,0.04097327571435664,23937,1.5434275648462663,201.3173497983323,37.695995359055075,7,3
730,9385.492594144678,60349,0.01893701030724002,1073,8.640231236472241,469.64184708949216,28.448861063716468,3,2
731,31425.592848449312,343515,0.028697378695995875,11196,3.143230007892605,69.85614244435784,37.0049236843484,6,1
732,8276.573146233273,42676,0.021965401416809804,902,10.143437466452575,494.9644925928176,39.172000330262215,2,2
733,28444.32724371169,225585,0.024907836075961674,6296,5.370900521156166,141.62384265986537,41.47793790903882,6,1
734,32521.51665475166,401133,0.041662484298991775,14551,1.7446932822644143,314.16070311698684,79.10451451493236,4,0
735,9736.981647422683,75763,0.019337477340029895,1347,8.098741315099959,523.1374618186643,19.71529167928853,2,2
736,34789.90561929992,341770,0.04860198971746149,14439,1.888431131501032,382.3800231166983,66.37658231291134,3,0
737,12442.996408739378,89858,0.02017865232413659,1782,6.864115488131152,372.17601191165016,49.44739534047981,2,2
738,44146.77883796557,461095,0.038784421314892015,16036,2.294294693318716,359.61803008324404,82.34573199767168,1,0
739,38638.493922882015,363405,0.04244607647538264,13710,2.159209352925241,409.69154877707575,73.90543900118651,3,0
740,40113.75761402416,471619,0.041183255827990706,17346,2.0449792507347726,383.41696716342426,74.31371946380119,4,0
741,41936.8963999232,558030,0.03979679220922908,19155,1.7628175288402625,381.2476184115348,78.6751114023152,3,0
742,36475.49477278757,306310,0.04213028853113919,11345,2.670409984041404,369.8350501055405,67.01792826251716,2,0
743,38237.54082768843,402792,0.040353881700400385,14947,2.136676485966334,402.68072117546717,91.79131999287688,3,0
744,37675.950081531555,403781,0.03978708690290841,14497,2.0477788640324093,397.31734573972625,68.7975978867735,4,0
745,34906.4687413612,275698,0.03363964999544471,10154,4.1526004279057895,146.0185500220295,30.258956186453307,6,1
746,24896.073625582587,230325,0.028682653884825104,7690,3.389749297255431,179.74079127519664,41.86908034339941,6,1
747,14652.447363770501,87509,0.01936552861419935,1549,10.276615730874656,504.630476866947,23.30912197459228,3,2
748,45318.809611755845,544458,0.042703577450583265,19597,1.9517396405431204,404.7846577354277,55.527073579530715,2,0
749,42802.303979951226,655562,0.037680616841537756,26272,1.659905934587767,139.67379654959657,22.231757673302386,6,3
750,39302.11832639481,421340,0.04187477935330017,15681,2.0253286279869402,306.741385967569,80.86604591000759,3,0
751,25052.90993942152,215886,0.027737767873372503,6470,4.7241887773973446,110.34842287306894,50.66050857193769,5,1
752,37554.41448562714,528255,0.03496423828136505,18464,2.001216704633452,144.13854018010923,25.628873128989614,6,3
753,1180.733571288974,7878,0.015362103475623747,118,11.362738557297519,476.1510164651196,44.63027071806306,2,2
754,40475.861194972495,590788,0.04063395504034687,24465,1.5339759948474205,171.0758066968637,31.926437130879332,8,3
755,38827.848847478504,437768,0.04254032529060031,16875,1.886146162411318,375.1935483866948,91.51593876443846,2,0
756,40826.23272972712,408790,0.04164983239323037,15274,2.295490406571483,351.8703194915688,96.6020563922843,3,0
757,10192.214121847861,49020,0.018280640837420307,830,13.382840040175818,479.6871055476539,26.701550118053685,2,2
758,40286.089341939434,351032,0.035753349173158935,10903,3.1609002386338787,414.1833601663399,90.03836474952098,4,0
759,35128.6182226702,484368,0.04005975519982897,19484,1.8241846300357176,138.04967837768487,15.011639363955197,6,3
760,40446.23978341176,535497,0.041474398104285645,19210,1.9673064709721493,435.88617817750526,80.0348844021235,2,0
761,34548.78346899953,253163,0.02561416100261113,7269,5.405694944993391,104.52916141325505,31.12153372848234,5,1
762,29948.705352908662,264882,0.0267232014045881,8025,4.384133705994523,144.88552352738682,48.863910228105766,7,1
763,28449.388508566844,229039,0.029356816737530697,7377,4.658817103483226,169.27216766582347,25.226283125646027,6,1
764,40268.741850288374,436795,0.03893699506219576,15564,2.0914656575378694,364.1125109969713,81.43683691759362,3,0
765,4504.319701133829,13579,0.02414576998600997,314,15.185770453659169,406.7027966640659,42.88039528335715,2,2
766,28671.52522026859,198523,0.02553119159695361,5444,6.167556483536401,142.09368245422837,31.216884228193887,6,1
767,40101.764556077105,378879,0.03930889447037117,13732,2.5974416999980905,378.9512300882621,72.12588164122242,4,0
768,39293.09199703918,570612,0.04301518059718645,24374,1.6875389905614675,100.89769502277173,25.28446826692911,7,3
769,38626.0589005537,491155,0.04228362758537122,20428,1.9605808868656307,75.22858400092345,25.607068741351668,6,3
770,36387.76659439268,409679,0.04238052567750263,15680,1.8924556651243267,416.03419969118397,76.8123542748528,3,0
771,41067.67315880415,478390,0.0406127690759327,20384,2.1764041660414493,194.7314328327514,35.07900992468337,7,3
772,40419.246411734,542526,0.04685073744291473,22357,1.7261410909949495,398.9720077952221,76.9802356722755,3,0
773,35215.466606213,452581,0.04359888600249897,17801,1.6868401652621783,438.31758785230494,80.38111756885111,4,0
774,39173.043572602735,599178,0.04161854113672071,24752,1.5723933051230805,66.90231867164917,30.86112418073141,7,3
775,39122.301322031846,445991,0.037875838054736745,17344,2.4645867450574968,94.56286951766809,21.125312966836795,6,3
776,36121.154755643125,415826,0.04272966485937995,18763,1.8508119978686426,109.12204429074143,22.348312292987522,7,3
777,25452.21896121391,286005,0.030946574713416657,9749,2.9925262489740345,169.0106418075968,44.34153864727384,6,1
778,38646.475673130306,497412,0.04176135703285365,21263,1.8871627547290424,127.73809851030308,37.41712095150851,6,3
779,39680.23464546374,409247,0.042842873626943744,14867,2.17467048087479,397.6265783010145,79.99716834436342,3,0
780,7598.854280097229,29675,0.01804380802565079,498,15.89830960100506,433.8256668116545,22.85215347478599,4,2
781,28382.043826798545,220934,0.029153185766012862,7081,4.851672062383405,178.4867291614121,44.201686184435346,5,1
782,33177.5988123065,349024,0.0269766438907178,10182,3.646451720790353,186.9212489587785,38.93691774685394,6,1
783,36868.54207602445,335938,0.04133443912966201,12350,2.6868839765814014,329.33126730783226,81.23322794215736,3,0
784,32802.66396395775,265848,0.03260172271757412,9918,3.6604029741188624,235.90827804443853,47.878172073640734,6,1
785,36396.37989607327,366928,0.04206576391827959,13523,2.271560451460429,343.74708161741154,85.84072943736048,3,0
786,41830.37348381614,378868,0.04349046642434154,14676,2.434980080466355,377.1462633772988,74.66302357712034,3,0
787,14821.28819474676,65850,0.019418204892824722,1170,13.025740989757535,388.7229061482193,17.739173903512967,2,2
788,12083.257106972049,58073,0.020898405698291187,1161,10.13977706440426,449.41824746508547,25.519785309485016,3,2
789,22645.812444544747,177180,0.027485571356759095,5435,4.76045264516682,196.4451568253424,35.99610681598301,7,1
790,42469.29451126361,511885,0.042796418010245,19087,1.8228370864783636,356.2000129770761,75.05144770489515,2,0
791,34903.875543996815,539821,0.04257892931624599,23293,1.2908980823666976,148.69501729055364,10.98778872338827,9,3
792,24610.212453839,232063,0.032518000038533314,8269,3.499507953999608,179.4277438530946,55.08134780279479,6,1
793,38139.15896601893,446766,0.043036011880425884,17153,1.734451593748008,487.6996813566181,80.57751098252714,3,0
794,10849.042620005639,74379,0.01596262396636349,1178,9.669296157170079,502.87091199756514,34.467972729988716,2,2
795,24398.32533953242,185348,0.023841280562823856,5100,5.177232099396296,171.1521218729202,30.536891596748884,6,1
796,28628.22462247663,236413,0.02978484584905166,7637,4.369660992537555,201.17745663495893,26.78678915845366,6,1
797,24838.379825029446,178978,0.030159776202130194,5821,4.978973236150609,201.97627250593078,35.470879345445105,6,1
798,5782.900405685953,20107,0.01782989836952719,333,19.951017817042825,498.1326405018623,29.83961917283938,2,2
799,38394.664310946384,548129,0.03916818766428598,22220,1.6925245608060207,83.18011375518394,29.034713512403144,7,3
800,40108.359379467365,432705,0.041386710995502694,16564,2.0212399977684488,348.7269783681857,66.09442237495826,3,0
801,36062.547138187365,663187,0.03626515985472866,23813,1.7022071779762968,127.43946316024461,31.498868676932545,6,3
802,38044.201286902324,559875,0.038668873397771794,22537,1.7573663007157152,97.050649865503,23.854876237688764,6,3
803,39522.41851071889,664564,0.0434570982497977,29867,1.2984774440395974,130.437050830989,15.516624515045166,6,3
804,9536.06033401407,43571,0.020880514635079978,827,12.685500027941968,464.00074337316164,26.74317770707338,3,2
805,30054.104875027857,250197,0.027389152332830985,7890,4.746296954653262,201.12351140286233,33.54410067829811,6,1
806,36126.11619860715,615185,0.038833611716636345,24405,1.4821562877260936,57.25408283542041,12.549488561302653,8,3
807,41004.52023707452,483893,0.0421505920332589,17930,1.854877547754484,425.1276271144754,78.30768056596509,3,0
808,36241.974224431775,612673,0.03958066578597982,25454,1.3395774332855332,124.8645841676442,32.44454365755958,7,3
809,41977.158744652304,452083,0.04567758980476058,18512,1.826097827617343,417.2361456971642,76.28174639428812,2,0
810,39565.90429657796,466721,0.040286305040427725,17241,1.922407040324921,383.13220293809,63.8497097162391,3,0
811,38355.897301186335,362994,0.04228708310394926,13202,2.460641045335328,390.9438135216318,71.99277459145208,3,0
812,43364.44273999982,391622,0.04883055161052415,17250,2.06446549826547,395.30356335268925,96.39399026277407,3,0
813,11829.615539389915,44909,0.016878899830974237,686,20.005985545960637,376.73189884593177,42.072788980003736,4,2
814,10895.249962507361,69540,0.021219429003606842,1411,8.345530630773503,517.593587959994,27.86678810108953,3,2
815,40938.10155752016,518676,0.03751695855535528,19310,2.01080791976715,125.61049475131442,41.51676164877755,7,3
816,29921.97742704925,184830,0.025556513801809115,5266,6.309855480785301,202.6379093908558,40.23917025196244,7,1
817,29274.063227882452,214860,0.02675296344593387,6644,4.6048018025801545,149.66022328829223,45.11874655600528,5,1
818,36642.24444860932,516471,0.04062268826179017,20603,1.8394828878348641,105.24235940306241,27.706794058115907,7,3
819,37800.641031047184,601958,0.038706562183759695,24100,1.6278077755645046,61.206642344859425,28.19622242503789,7,3
820,9916.560650689766,18120,0.017318517540747282,298,38.59269547768773,452.5572535913391,26.153217437623947,2,2
821,31402.036662306342,257050,0.024258886810155603,6884,4.875503360213114,210.42491500426007,38.21272241473746,6,1
822,40234.046936250015,671515,0.039104591749517296,26122,1.5476198198605042,102.92121903722054,35.12296240593481,7,3
823,29606.747530481887,232545,0.029046138630234468,7414,4.486042755342684,108.69768647962792,50.52678187353932,6,1
824,28636.704235074565,241725,0.028426439549727477,7487,4.57344932336751,210.44769324742697,39.08352228894767,6,1
825,37642.50522331668,629256,0.03741244960111925,23965,1.5016810975906725,96.86213584632416,29.60138908931922,7,3
826,36181.057730749104,480600,0.04412951819948036,19806,1.6639886986364731,311.3273266723997,73.8707464028939,3,0
827,26380.57327091328,282705,0.028344754910573033,8919,3.219442353435874,145.5233970934676,40.27847065581322,5,1
828,2458.053919542586,6385,0.020889996279675714,121,21.803701680625686,460.99840640990084,31.828904717514238,3,2
829,38727.88768059815,496749,0.04290800241942464,22051,1.773811819092172,108.7620258648033,40.61606327181859,8,3
830,32744.90361270407,274398,0.023623967138244432,7234,5.142930440050489,133.48348090969677,31.532018410153256,7,1
831,36859.57837837838,452768,0.04043630475264645,19372,1.9294597936384936,108.51247469747052,21.068492155511407,8,3
832,40587.9023060405,350433,0.03911590156625499,13233,2.4533710037215966,296.9418565645007,80.8111572447125,4,0
833,26909.50943506124,157455,0.022179256704007173,3818,7.9131114631040385,137.58217000751534,37.919703804841966,6,1
834,30592.977971367472,190013,0.02342979354478147,4863,7.1059577835862315,193.7925937149114,41.8290105708007,6,1
835,9236.094603413083,59993,0.01725820689507284,921,10.920804767518998,471.8768615925703,31.077673681432845,2,2
836,37504.624086861426,430420,0.044626165267809395,17427,1.8635405071120446,412.0854504503086,66.96590305253632,4,0
837,31879.57238041661,245338,0.02431583336182539,6505,5.523528592812592,165.66542515076006,38.24676485122221,6,1
838,41675.13915411347,583987,0.03475456801201614,21193,2.0546117261895414,180.9981137122487,9.968330143545352,7,3
839,37946.83659962279,523103,0.03745641499862185,20914,1.7726687861913655,203.74648074656938,28.97629037482353,7,3
840,41931.90874907509,617004,0.03910277713317217,25043,1.6510639896560424,101.88080340536145,27.666986746278194,8,3
841,37849.00782379714,585517,0.03539959439927963,21404,1.8246028400237704,157.2690567478074,13.44203859170589,6,3
842,36750.74938751639,345360,0.04361846888986493,12896,2.5078683451116706,331.43720323418245,85.04746570757264,3,0
843,36854.26423989418,330953,0.046161106159359894,13498,2.4282121988627097,410.17244964712916,68.83105373810969,3,0
844,40185.76002936679,401910,0.04139610101308705,15608,2.1868727339909997,385.36124748295504,71.52716179368814,4,0
845,38830.594104772914,414095,0.043724195875752984,16839,2.052599104518127,352.3582301741091,81.20508059985481,3,0
846,40085.403909834415,683254,0.04163298047133698,29026,1.395297181435249,140.8844360832574,16.4387909732921,6,3
847,30365.085903790718,313174,0.024295153913948618,8717,3.914431149927438,183.61939901590196,33.90247928016643,4,1
848,34023.83104710063,429935,0.04033033331830282,17799,1.9903208742178562,167.79337063662226,33.62493882568725,7,3
849,40078.78935223202,624177,0.038884005602295484,24623,1.745156426962093,96.53495286338905,32.697264361867134,7,3
850,29472.386286142842,252017,0.029635956392119717,8267,4.272939402459514,138.68457286290487,44.67197776184483,5,1
851,13292.096349199774,48606,0.019440230232645815,851,16.83640251891576,434.3748071830373,12.823092798532793,2,2
852,38650.81488936839,372075,0.03956822039105392,12548,2.6943587360726506,377.30290791173553,68.99696018253265,3,0
853,40289.58932540232,632313,0.03970634959442075,25418,1.7182333612835115,57.978021183090085,18.019192095036757,7,3
854,26594.919799794,249417,0.030080430838324505,8598,3.4620693386079537,187.9825888500809,35.76501670901449,7,1
855,35900.95671987664,450611,0.04523095081238355,18097,1.6893071310821308,384.5747335477716,77.73923588304055,2,0
856,38228.755652521024,597314,0.04198573350469634,26290,1.3490225291497833,160.90942218225626,37.78925058169917,7,3
857,42178.34313265178,425490,0.04285123698664317,15873,2.106886161949295,495.7574669898381,65.85537661439902,2,0
858,31454.802832550497,331389,0.027076298091772158,10309,3.4557726159740336,161.40531442050207,53.47921804873358,5,1
859,38959.616539399605,442728,0.043011692353856074,17697,2.0788778587785157,379.5699889262593,75.09684513591847,3,0
860,8551.88038185559,40758,0.02087373555773936,795,11.413679172753135,484.747875394041,21.475981567621915,2,2
861,42733.95538835721,524735,0.04449303042025565,20704,1.766248181888796,314.55186797847944,72.17142007890173,4,0
862,7025.798585619696,41239,0.018386192734948,722,10.580596087677785,440.1416365509765,28.767599177193105,3,2
863,33221.72939529074,452886,0.040109132920877526,19657,1.6090187464709491,75.50948300310348,22.564722499733637,6,3
864,15503.233991704006,94118,0.0174935985171449,1654,10.219176698086363,486.81177602569494,29.200652227831032,3,2
865,26757.644576310948,206152,0.026583307449899465,6143,5.138921678165651,147.9486676513795,36.74093472077278,6,1
866,27266.634318066328,265375,0.025355768671054883,7596,4.213400644440643,137.01104452700235,44.574729489801456,4,1
867,25965.367319541747,179680,0.029527181182131275,5813,4.8931045150236585,133.8066086588064,37.98018356757026,5,1
868,7364.463009176712,37142,0.019592076196136718,690,12.233551632679257,483.1605993956774,20.474356544756738,2,2
869,26733.295155414424,169027,0.027176772840629512,4904,6.355307009178746,142.4065264991336,39.528816093122835,6,1
870,30144.188993003183,251438,0.03075531036594483,8479,4.478754810934795,173.55664006315848,31.003765733455886,7,1
871,33642.87707402841,492579,0.03795087079736081,18900,1.784915940139622,96.73202448390046,23.403763895674714,7,3
872,31141.340039789982,194616,0.025719914999557773,5501,6.347020572411496,197.38861884129992,37.092391932371285,6,1
873,27605.04034456102,200138,0.028539647093747414,6322,5.588383103610255,134.78112700299357,36.375897209748274,6,1
874,40373.57803015068,489963,0.045081366554528775,19286,1.806351163011138,386.092890198967,78.5832367606548,3,0
875,39592.863694465355,663728,0.03765875039888281,25498,1.594505915330003,132.47443752518905,22.002770374982767,8,3
876,40457.054005213606,611138,0.03753696934514116,23499,1.7110715256478681,108.1532900243955,32.72211291317904,7,3
877,38910.5269791105,342057,0.0423128925950503,13152,2.397291216522485,421.1400520650403,75.88182232041127,3,0
878,37216.174195227424,416503,0.038915872222540865,14776,2.129746893901821,388.39599321081124,82.06802858610816,3,0
879,27131.15328075965,235382,0.0302360513911795,7893,3.7362189676245707,142.4792621374853,46.29791549015156,7,1
880,39683.01687943308,322812,0.043857700676663086,12555,2.919630697758639,361.08662766051447,72.6197963687622,3,0
881,37890.27091960078,567727,0.040031751873580504,22629,1.6230257672616266,142.2106999639574,33.486038085306525,7,3
882,7682.558643825858,31432,0.022239667488133656,652,11.838396225299679,419.98758742099426,28.235327489420115,3,2
883,34053.84441627754,549566,0.043013712604867076,26641,1.211500907876154,125.0647602410615,29.966542153902314,8,3
884,8393.184813146674,40382,0.027811994562344462,998,9.965171671967305,587.7182082824236,29.294321611890517,1,2
885,38243.481556173654,572436,0.038513014918121195,23464,1.5681712092081244,68.29007121311926,31.013924633475163,6,3
886,29976.802020567928,242635,0.028810014109541447,7969,4.409163382392869,186.42330959775572,40.801745572490475,5,1
887,35108.605258120755,510737,0.042542041211329554,21788,1.5044372357160456,189.2705303340505,32.013794194215976,7,3
888,39966.48916425501,447861,0.0450503330054469,18240,1.8248467888768143,386.3518707521013,75.53708595859216,3,0
889,8251.854230886704,33413,0.019020624332933785,613,13.13971411395545,416.4549114864389,28.433835012101937,2,2
890,40363.68298812207,669006,0.04456418259545306,29413,1.3741443096477037,133.3591849184565,33.93723378192123,7,3
891,9077.930808677062,39597,0.0185247500957571,680,14.435268022351593,468.0695583291798,19.36085657947232,2,2
892,42872.28347368729,652541,0.041903565851202126,28464,1.5997660888135974,127.00564379951751,35.54526566178243,8,3
893,26368.431599069896,247190,0.028700971441806222,8224,3.4397071957258496,108.71296363941111,30.25417765855757,6,1
894,36718.78370949044,476331,0.04056139548849843,17409,1.9056894650241019,434.09902542244583,69.81932812282523,3,0
895,27941.320190361515,208342,0.029660942602349423,6799,4.421588163285571,188.26875219296275,46.461737278726524,5,1
896,36164.549252083096,553984,0.04347965039199761,25035,1.510778437878083,169.52117404024457,30.633334704663152,5,3
897,28335.691223042257,174543,0.02459193068801779,4770,6.712061255334377,111.03651152397008,46.73759304665071,6,1
898,14912.121621005519,100889,0.020248388657913584,1909,8.148760280313256,427.95733121473063,37.034381399704344,2,2
899,40243.52921308541,439293,0.041846332261019664,16764,1.8759069429732425,368.2287990474245,72.0549372857994,4,0
900,41732.02070399469,834640,0.03608896723582608,30005,1.4042202846073504,149.77212275334114,26.684536625190535,8,3
901,35970.40303172834,433705,0.04259191006227914,16330,2.010252004426571,352.79880452609444,70.30340047432932,3,0
902,8151.713846950206,43813,0.020484097227994567,867,10.425594271260929,483.6423118125517,37.79377119200076,3,2
903,24957.843892860317,233636,0.026741515962431364,7017,4.086358199475928,182.47608757759883,34.536078475596476,6,1
904,30997.563432208743,214193,0.022826343373806922,5423,6.464945115823032,198.15138239873878,36.5500207317985,6,1
905,42381.522106804776,703510,0.03896883949699521,27615,1.6343881021871518,66.72734797018731,17.944678865420784,7,3
906,32605.947917737667,232079,0.02532305167722952,6533,5.772478159495515,177.86289070050006,31.41168287407711,6,1
907,26540.008642965357,177925,0.028035392404958108,5596,5.620212735030676,225.55423792060594,30.340742472939365,5,1
908,38583.46061371812,414012,0.03865627684017716,13708,2.3874216866127957,406.6403928749398,76.93901158478201,3,0
909,46645.97397577954,675897,0.04262904248524939,30242,1.585187685678456,144.11613006967372,26.329530414649092,8,3
910,8323.291420668309,50145,0.019028740202055333,902,9.898828492426128,469.7625653451115,30.07134077858909,2,2
911,38961.52705139007,562533,0.03990119584940309,24866,1.3498455627541548,183.36452103417466,30.614587759843776,7,3
912,39182.069766342145,532582,0.03772397397288356,20434,1.9090240581169047,68.20903916449942,14.355586560001003,6,3
913,6938.824183798339,27356,0.02228138625182729,560,13.580800936354029,450.84179849442927,35.637272411795635,4,2
914,39490.815424157874,656059,0.03738131508161779,25859,1.5134265701610623,172.40364548925984,17.839610323988612,7,3
915,39334.17077036737,623409,0.03677132882576321,22923,1.6617431947911503,127.51422778837892,28.74169764116911,8,3
916,42727.68431390558,691978,0.040367409645880516,28722,1.502061710274537,131.99070275551873,29.215047972764097,6,3
917,41356.20619548656,392952,0.04268331336980945,14944,2.361068193259396,400.3190320641969,85.64119316797981,3,0
918,38224.068342184255,529236,0.038322952079389995,20212,1.8850485753040365,92.84095235877263,23.386027206832164,7,3
919,40106.80711772626,614626,0.04111933266583271,25372,1.5292842770478594,110.89459004444412,16.927159193215285,6,3
920,7230.397484303659,45877,0.020439249678496724,854,8.742914337378938,440.12889618101474,23.475549339798025,3,2
921,28763.930401594003,177323,0.02741455284087132,5596,6.095086760234166,222.07398119020715,39.69011200917317,7,1
922,6578.574056669597,45483,0.020851033202273002,907,7.394549537400981,474.37628332848783,27.124266231798256,2,2
923,38540.57592178724,395220,0.04205141707044789,15574,2.1194700863537013,434.9689087753436,87.62373957063723,3,0
924,7646.561945766769,47651,0.0171894451967278,783,10.23890990841113,407.44506413660685,42.8504571855579,2,2
925,12836.42445794222,39667,0.02134560638687557,799,16.977267940818976,535.050709570583,32.13029554795954,1,2
926,29318.922699247192,186504,0.026372578351491704,5170,6.670095294282281,166.20144150538718,55.05996435398175,6,1
927,38658.55985967437,547411,0.04201039702493898,23720,1.7503099594171545,110.84501717987612,17.96676885213972,7,3
928,37734.202278067445,606627,0.043097386012157506,25519,1.4175829414193475,142.2808957223829,29.858596551278655,7,3
929,28443.38516752879,245006,0.029118266375449918,8412,4.199637014635984,132.49021488191403,34.67365992291204,6,1
930,35491.107686509735,351048,0.04428308958842995,14525,2.144149509975953,398.7373779752843,72.07385486891977,3,0
931,37728.599451949594,441326,0.04557383318212188,18283,1.6752435803625434,394.8445495131947,76.44703107258346,3,0
932,8786.651848495301,25659,0.01873996646113156,438,20.32969455774785,511.4584419169269,26.82254600879214,2,2
933,26450.01082220616,224221,0.02755162205499627,6761,4.469114579162261,111.0256854017469,36.641967546173944,5,1
934,39270.31197475085,399209,0.0438502434993819,16017,2.3225391119852232,381.2484237745199,77.80890752214742,2,0
935,38521.501212641706,494413,0.039693808763651126,17675,1.7398231482009856,333.3680990203479,72.4945904415887,2,0
936,44125.35476941744,473064,0.04695926507780076,20030,2.034937376214844,324.00563241603055,73.48701283196385,2,0
937,41295.3729763834,625443,0.04338037572001467,28170,1.4662280671288483,137.82189842613008,30.93814138968267,8,3
938,27298.109622181837,161884,0.03087079953727348,5663,5.368617715974399,145.02304345252836,33.010800817464094,5,1
939,36557.06909103304,441268,0.042036806039049274,16883,1.763954828112721,429.4790923277925,70.67491684967723,2,0
940,11789.509435202774,56163,0.021422033341665696,1049,12.165892606997067,459.9446616282434,27.245920397283562,3,2
941,40416.98525965667,590323,0.041215507724501624,26766,1.5481931640890652,95.01981543517964,29.998227550213613,7,3
942,36894.522711175916,595719,0.042324060425925264,25871,1.3240260187992863,120.65538028826307,33.91162924295622,7,3
943,39188.245297771115,593328,0.04267610245670295,24685,1.6994610844809634,158.09846153078595,32.498047160285125,6,3
944,35506.441935038696,524032,0.040619739532781515,21698,1.731471909857236,126.1300416502759,7.94620616370518,7,3
945,25019.64695570061,170814,0.0293473177822803,5759,5.025374625695187,213.98619996441326,36.90887472349847,6,1
946,13317.265874864943,68733,0.017024910215790136,1109,12.97741685223575,453.6760473932836,28.75255648118507,2,2
947,40182.9994431894,599999,0.0359601945459945,22888,1.7386010943411168,105.99734953133247,21.007801872397437,7,3
948,37333.36935220415,429783,0.04609811139929907,17095,1.7086956589232092,433.6890713215258,64.23759851730868,4,0
949,35856.76511756967,451875,0.04090065687366323,16714,1.6907384980583964,390.3719069242567,85.5420319704496,3,0
950,38990.46727516618,413080,0.0465117954506317,16395,2.2423425187769697,364.3893533257187,79.99930747614832,3,0
951,39149.70292569249,550663,0.03838048363418058,21763,1.8011653159455812,63.57166536539436,14.799824759627707,6,3
952,39274.63498611759,359304,0.03878673049157298,12851,2.9449722542525296,447.8021480078896,71.26124543608478,4,0
953,31075.986764295816,294631,0.027341908923398967,9302,4.081586871759771,185.7595571037236,44.47113543334208,6,1
954,11828.586471520346,65467,0.018872336772354222,1209,10.920221661009771,472.646631464273,45.14575914789772,2,2
955,29209.848340377153,172406,0.026568950335854304,5161,6.94605662755864,176.3489928953223,43.41083735368794,5,1
956,29053.42273580646,258589,0.031697282963885576,9338,3.715532807107672,122.58704189887565,36.960126895832666,6,1
957,41010.95443106778,504021,0.03938815614927692,17146,1.9775594344809682,388.2601505424839,78.23850922154688,2,0
958,12796.47389981697,43389,0.022028182788018318,932,15.903156949160149,431.08721038356487,22.956754690507694,2,2
959,40670.30414344067,713339,0.042689983383607834,31750,1.1943756328545816,101.13620302033556,34.195640779969345,8,3
960,29118.642566985458,271732,0.027243862048859403,8042,4.166427156369865,168.9191609382615,51.431988628093826,6,1
961,29286.363737668915,251178,0.032856741525243066,9444,3.7467894406477904,146.02394019816407,54.017164165635,6,1
962,27697.50118565583,208434,0.031149782784770458,7268,4.258270080351729,175.730263733772,43.459479293055935,6,1
963,38153.29454511413,516023,0.04487765927510062,23640,1.6559763281478574,147.78380979182617,17.4185101225279,6,3
964,32649.14342917765,305444,0.028213015750089984,9551,3.9085124299159095,189.58008702745389,50.654048904144666,6,1
965,29796.511971042575,249567,0.027572697906883832,8016,3.8995041246810676,111.7517423099526,34.26204817940002,6,1
966,10851.674944287708,50791,0.019678789311540427,932,13.07194670934121,448.91075756325245,41.045058819167885,2,2
967,39111.37812001785,407749,0.035985166513233684,12783,2.5423637262841905,411.1410071664632,85.91754781206885,3,0
968,29715.382897276184,285788,0.027905173691492563,8883,3.8912162612746495,181.03708899989405,35.3617996588864,6,1
969,29333.036467416183,294460,0.024380365177855627,8019,3.9937581417782755,141.81782794010417,40.17564865570024,7,1
970,26500.936451595935,197868,0.02539348572757932,5712,5.476907281941563,135.91833756982822,46.19873430712091,6,1
971,10217.113170942963,66222,0.0192196546142097,1201,8.872111756957425,417.29677776008964,48.90633954964131,2,2
972,35294.23404354902,333229,0.024777196744096616,9145,4.580259105159045,145.8752689165701,49.27123955265857,6,1
973,39044.1374879861,374920,0.04239878900832276,14453,2.527553512057263,427.1812598473139,78.50119931981521,3,0
974,35687.91992810748,523227,0.04299751800580593,23304,1.564981144268552,29.458017281249273,34.461841217694555,8,3
975,36440.93578224882,433144,0.045709307075038876,17794,1.5925583769818787,431.97518397194176,79.85982289743028,2,0
976,37340.29425150219,404914,0.042577987371218075,14460,2.307872843022916,424.9269587995672,75.40699397649165,2,0
977,10474.76262661651,42550,0.01560549687981836,629,17.27786705182606,419.48035973793037,41.95071358607244,2,2
978,39537.834566261554,627096,0.03807987851129837,24337,1.6141868042616556,171.0003328942406,30.96216427609052,7,3
979,27705.861952092884,254089,0.02783365661315631,7588,4.3220104235487,211.69025415118242,39.535423657641374,7,1
980,23503.93472396345,192434,0.031006033744718137,6540,4.271926538000488,46.62780583588644,36.027766429842764,6,1
981,39656.7275130223,496717,0.03932961609917066,17242,1.766204977862333,366.83313429787466,71.02827783207928,3,0
982,38801.99092641069,333891,0.04073500432093455,11999,2.615365434265572,367.5221634241993,77.12091108394652,2,0
983,38795.33471292892,516425,0.042907678389574544,23170,1.790935825042,166.71772800559265,34.45727256313023,7,3
984,39628.32525730149,468220,0.04165665654136696,17627,1.889995433705222,366.19253580232873,71.2032077109701,3,0
985,30426.662284202037,236367,0.022012886200139088,5880,6.093966759560012,163.01166334063268,49.65055800095626,5,1
986,41376.58502749224,727121,0.03926243132829284,29096,1.384163631408119,92.80915939287644,7.767439331272252,7,3
987,41515.767751364685,687641,0.0394948360799184,27904,1.532584341373746,138.23844114896428,39.46667879770495,7,3
988,31479.095606069073,163567,0.027597953796095274,5063,7.063541062127505,128.90809477464296,34.24308621631447,5,1
989,31811.285116431354,253274,0.027351416790385927,7679,4.908095896101409,179.42750819733504,42.84541993655351,6,1
990,37548.4268619604,367186,0.039788716661062165,12995,2.6426936363932296,426.72082065546783,77.79377938993346,3,0
991,28397.576635378995,157728,0.02805388809480494,5053,6.5153395031109245,144.75791519660217,38.640111338909165,7,1
992,27932.237905342514,311795,0.02617624680103038,9330,3.2699904585667237,118.71350005272954,37.324755986344414,6,1
993,7703.09213994275,48104,0.022689715368089593,1005,7.859316751785144,493.93785413106,31.68844813710517,1,2
994,29885.086291013034,296359,0.024832786149113356,8184,4.180333536827691,173.21052651871935,50.712899311709705,6,1
995,42682.86878270354,362612,0.04131066231317787,12560,2.7242410729351993,368.4070840779208,81.72567114684024,4,0
996,5389.584184684767,33142,0.017876260069196983,559,10.061261232627356,433.7772820898025,42.09254200017616,2,2
997,5972.110084006094,29211,0.016711086867000916,469,13.328338544901085,472.0312017645863,21.010391915621398,2,2
998,40172.254718461045,415563,0.043643605213124645,15770,1.9636294318127017,409.7879982371542,80.20499943400172,4,0
999,10160.538584386602,36524,0.022035480305305614,736,14.155639151991728,535.1553973607424,28.417523220471708,3,2
1000,43750.138765000476,615724,0.041233639947659065,26633,1.634993499971842,122.80244064691229,25.74837872011455,7,3
1001,12675.700679068435,30940,0.014972391860216185,439,31.288383506713544,517.6109257119972,33.04089713355509,2,2
1002,28571.606952872076,211335,0.02611886159384979,6295,5.500972907633281,138.35132369079585,39.83434844106972,5,1
1003,37053.0858922649,339567,0.04260890364895236,12533,2.358847396532492,356.2157820579576,88.03782914336095,2,0
1004,37167.665582894726,516259,0.03446206604435775,18133,1.9137836975150597,166.79624735813624,25.74924816411383,8,3
1005,28938.974399877137,251541,0.030081841240951826,8545,3.862729511262977,209.31957033500532,53.66893643508769,6,1
1006,40354.56958546584,484624,0.0424407704059084,18343,1.8301116754356486,400.3790683301139,85.04571074072562,3,0
1007,36075.79697996913,335316,0.039632987995536086,12157,2.603766832151906,334.4255164952916,86.44567081458638,2,0
1008,41078.00837869137,410234,0.03868995021693434,13985,2.624516147544266,372.09610305961405,71.44682177657657,3,0
1009,30147.398979313846,251670,0.030064795824427226,8554,4.090531190667848,176.98758429793563,34.80324908776435,6,1
1010,5378.744862767796,20810,0.02165772022154339,426,13.875893132605228,397.53332913553163,23.177104833026796,4,2
1011,25819.106454262623,187514,0.025961089199139753,5555,5.304928026054165,138.71260526282703,40.39726270774133,5,1
1012,44381.098953959656,664934,0.03910932762649094,26496,1.6449203548658042,164.26540914766622,18.321112903003087,7,3
1013,10122.965143967635,48875,0.015903199780359083,758,14.146871996741258,452.71824497985057,26.736946084311942,2,2
1014,32993.21397843715,282953,0.02745960072177911,8715,4.525794213087802,140.63081921718927,47.92769373570419,7,1
1015,26768.847220216674,160147,0.028376724211448497,4907,6.525718254782367,100.49314930141263,37.468960159274545,6,1
1016,41778.933150529505,578067,0.040623527107766545,23955,1.8234744254067068,71.52007652893472,33.10337830818438,7,3
1017,43398.485224756136,607815,0.041828633546720166,27175,1.683849588623574,80.5754632467708,15.26275032199081,7,3
1018,31113.472252307358,303526,0.024378481605969428,8262,4.423946816603258,225.3780558786549,29.74749632539682,6,1
1019,39214.41364722882,632385,0.03930232108960926,26814,1.4723372293977497,74.91808035640022,16.690251017619378,6,3
1020,31764.91860990188,535472,0.03909131688333352,22052,1.368276013729358,155.620269354778,10.903078224398488,7,3
1021,39257.9140266679,369105,0.04227285641539956,13798,2.188163530639271,391.6916889314145,74.43262122686247,3,0
1022,27195.368767304393,165950,0.026369117933557826,4965,6.345710711391886,137.0745199497282,35.905698878319086,6,1
1023,36650.688355396334,464186,0.04203981628532722,17745,1.7773023082030703,346.8999490706391,91.11756373569226,3,0
1024,37071.43587660491,668951,0.04399467308751317,30378,1.3315185794268125,31.488177655127526,23.52571684204234,6,3
1025,37945.95600098101,540386,0.03990181134743511,21961,1.7275832076775692,182.75803262242871,35.167378448005316,6,3
1026,6020.709347252989,25914,0.018630047895189947,426,14.19558459986248,427.296368991356,26.316071849466727,1,2
1027,31882.656205197436,475422,0.03668656286166549,17501,1.7636623274569079,125.56863627313264,20.490599543685512,8,3
1028,30146.82448217582,244679,0.02895051527278089,7857,4.543571081086558,169.74036434969852,40.19191472582555,6,1
1029,38993.509380368436,438776,0.04268932219362502,16590,1.935191615412781,398.58238643139885,78.44825519470548,3,0
1030,39231.35989727083,637990,0.039149161315075384,25243,1.6564704477403178,122.77998918298997,30.00394949812879,7,3
1031,26953.473426883564,202508,0.025589435372786018,5896,5.443256376585045,186.70723124165352,17.00250291284319,6,1
1032,7903.074387134459,19220,0.021469902361341227,385,22.24660385116437,437.88681894453777,36.01501126485766,3,2
1033,40874.10122372317,628431,0.03976195082203697,25001,1.7183021805843148,136.3090118051224,22.239042089796218,7,3
1034,37427.01432596283,598619,0.04202768001149691,26271,1.33413711922164,63.49831728925374,46.19140719463326,7,3
1035,42317.25896989117,548467,0.042280666188644865,21110,1.640834871595234,435.15925244437904,72.7317682792742,3,0
1036,34000.740593843955,494480,0.03796075264415356,20214,1.6933531790420853,50.6074198635857,25.62558973305936,7,3
1037,27306.57008949939,148646,0.031231335948268407,5236,5.880228861140296,187.09437540724625,50.668759834721186,7,1
1038,12256.52323526439,102625,0.01718673931764098,1611,8.462269629864807,502.64846312544853,30.721728098352308,3,2
1039,36514.43196208613,423630,0.04699646876076693,17117,1.7482451297392714,394.2649326080886,72.4473989458692,4,0
1040,35839.99702486427,517499,0.04110226183198787,21690,1.6563005287638046,99.20873528649354,29.312277745393665,6,3
1041,28866.39259033449,296268,0.02618261934621379,8582,3.7254280235382793,159.75486884736202,46.693316674700306,6,1
1042,11798.131142310209,60364,0.013795198101108028,791,14.81072053306495,505.71765425089137,21.509315233742555,3,2
1043,10977.060622155903,77076,0.020504060712430168,1508,7.875154403225618,456.9960489591318,28.179548485973854,3,2
1044,29665.26601045551,263115,0.02872535309487833,8545,3.869412194157089,174.62418056583428,39.350295338136476,6,1
1045,28541.743761920694,262663,0.02839672142753074,8283,4.020645243308176,171.87130669750738,43.60418337498937,5,1
1046,41832.840912791224,551211,0.04142942109862752,24134,1.7338821867256036,129.70109719828582,24.084965315325167,7,3
1047,36121.12602238373,316239,0.04162371895292192,11857,2.5850273347629855,293.03695777341306,80.05160342557924,3,0
1048,10457.216184529203,28488,0.01556092078514073,425,26.257254909159457,455.9461471251392,47.61604742694624,3,2
1049,37105.38920488416,614767,0.04216635548890038,27859,1.299147392334374,84.98971938550179,29.427742893594015,6,3
1050,5709.491460696948,22514,0.019322218652457146,389,15.363792456512167,482.0872726159757,13.632456898213691,4,2
1051,13143.598391210004,96131,0.01638021252036899,1523,9.56829462831456,427.72530184112657,27.997061728752076,1,2
1052,34556.23174327611,210554,0.02820874665703279,6475,6.06801240938953,160.82234859943082,15.698207239115437,6,1
1053,41950.923886346354,641010,0.04089938030475649,26660,1.5677807271817965,144.67026424793764,20.019905034109197,7,3
1054,40095.09449477563,535450,0.040878624603410255,22495,1.7755991404620997,86.73915566168189,27.034283846795905,6,3
1055,10393.699965183974,85290,0.019833877706424828,1585,7.112095351709251,428.3910299314493,20.941655805425864,2,2
1056,30373.43774854084,260572,0.025400933840510453,7029,5.096903353918639,126.33258331458428,42.83839133351085,5,1
1057,39026.79991300193,431009,0.04196961265598721,15869,2.0560263024801344,482.4208817785216,78.06370587752771,3,0
1058,31660.15346801101,270023,0.02205222328992973,6648,5.3055422587696945,161.6564222511012,17.56884388811336,5,1
1059,10710.312162940634,45103,0.02367433276152686,984,11.280196605848056,472.57371904619,30.42342419665289,3,2
1060,32249.106122919038,260080,0.027752621055697292,7842,4.825708991467145,143.23273057914454,47.51719940534149,6,1
1061,34090.90099765036,510301,0.034609649645202134,17637,2.1211537252847257,153.2842766720259,23.725742447907397,6,3
1062,38208.08865694414,579465,0.04347304616753465,27372,1.358813901294637,119.39236457473373,27.97507432095402,7,3
1063,29937.47139982824,305836,0.022771049871362102,8150,4.420059008599284,115.01190372686877,37.36489791633602,5,1
1064,28112.637741246355,214726,0.029554269827665937,6936,4.80386677899573,163.9926893638824,30.66271977833437,5,1
1065,33654.132212380086,320669,0.04000358818538732,11566,2.4197075724828188,412.7541525423625,75.03964496873688,3,0
1066,35959.269534696075,661208,0.03958647414856064,27054,1.4498750500991773,116.81084904689331,31.594408253181953,8,3
1067,7606.122870498916,31559,0.020459909791404003,602,13.407322898631826,430.46248193242707,29.535666379915593,3,2
1068,10843.27753041923,28833,0.02166208817343757,579,19.98053143467392,430.49926804646066,41.38733999937354,2,2
1069,35216.99286755949,517461,0.0427150791561715,22520,1.5255148199373352,87.01441334232385,37.1444204733165,6,3
1070,38769.24269086757,443482,0.044013769621600356,17424,1.901249628332088,402.54829751399836,87.66017298615243,4,0
1071,26803.901673792083,246304,0.026098208313117745,7213,4.226156780593965,81.74459649571347,44.4931502036111,5,1
1072,27266.351632867583,205880,0.027650365494086546,6403,5.330627838068242,139.55831145422619,31.070819909297676,5,1
1073,9166.59479079159,38853,0.019788309145194465,720,13.176242683029013,539.6592825417978,22.785837531518606,2,2
1074,38933.63669689924,415110,0.04011324307593983,14655,2.1831138397808307,382.2996453010138,72.02756438036418,2,0
1075,38377.955485573744,601412,0.04046102153042391,24992,1.3110099154573047,112.54384566265162,20.471541802236338,7,3
1076,31076.419771822766,334408,0.025545173878231978,9958,3.327959475714862,147.05700614226615,41.472498940378024,6,1
1077,7612.196346118942,41138,0.02304446877052307,908,9.318876792209837,423.7107988766792,25.235080873689995,3,2
1078,11204.836663374852,67052,0.02032924407246272,1280,9.189440405464103,468.47993289135286,24.5772706519591,1,2
1079,39765.76284883393,643239,0.03988037750768019,25770,1.5523171863900131,106.04400132491746,26.52015554702577,7,3
1080,40296.57730696366,415661,0.047489800320260296,17547,2.032579801423913,376.38861440509294,74.06624635937642,3,0
1081,29506.604467570698,280397,0.027612424027517707,8536,3.6681396204816576,182.85147973351064,41.91135327380093,6,1
1082,9545.389986383634,57225,0.024745402138635655,1353,7.491111429748394,385.7837260435482,30.21476021380371,2,2
1083,24696.05620224942,180079,0.03002101198374873,5994,4.486742584810578,154.62554721377896,30.971228793315316,6,1
1084,39729.39011714778,512292,0.04518147678456033,20840,1.5297310259868495,421.52791262090335,71.15249823677001,3,0
1085,37527.92623294768,588469,0.03519003060851726,22303,1.6668920970123338,140.44427212578665,24.83003493416921,9,3
1086,7857.711315914443,36544,0.020175381011931733,671,11.754367858982903,475.668681772075,22.96680234298643,2,2
1087,33666.22731475193,298488,0.045507652331550505,12649,2.2099606483352243,438.00654449687056,81.6839070243424,2,0
1088,9128.28865543289,44016,0.020203265369084462,851,10.94071745097584,453.1796930012333,34.242986749531276,2,2
1089,9771.853387604604,38999,0.021362930185623453,770,13.455518134948747,532.5837494497155,29.17346622334393,2,2
1090,14599.728088296977,71099,0.014721377495590127,947,16.2352781004034,468.0710145311253,33.26491090346996,2,2
1091,36490.15573578989,615829,0.03858550122210499,24290,1.463775043457773,114.5850074198285,26.147371379326756,7,3
1092,35508.45269339745,573857,0.04277072552440874,25274,1.4451454595366968,165.744178051025,19.23780664022451,7,3
1093,30006.597487298193,304379,0.028023200378656708,9786,3.7501970635683626,160.88050797582676,45.094467323835445,5,1
1094,38949.24269310745,527566,0.04264907102602062,20062,1.47272406211738,371.9303386998877,76.00374573293662,3,0
1095,29170.034390442554,252264,0.03289897628702002,9508,3.7903693980327513,142.1016695173807,44.51512481235941,6,1
1096,12940.84906415652,64815,0.018675067722479895,1070,13.453643073995503,451.89217511458776,24.78871326107287,3,2
1097,30506.693953886457,285035,0.028769948169988888,9174,3.6760850929980604,149.67974242053288,44.54072176462483,6,1
1098,30372.67922221033,308602,0.025736035347795165,9150,3.7484374824669717,125.4727046155669,27.053109275776404,5,1
1099,34324.35904887586,333229,0.04196410589720624,12589,2.1538902120277084,336.4805281988737,58.22775963681298,2,0
1100,26590.296977693837,211312,0.022787440977434424,5322,5.271999314309716,229.07183690271688,29.213197279890846,5,1
1101,28183.409909199014,310609,0.0298411612678105,10337,2.94669851038523,184.42759516898045,32.776250975131916,7,1
1102,27005.43278812577,253240,0.026431854810737267,7265,4.523823308529586,149.77352848017537,43.72827791365681,5,1
1103,40751.71256140004,676645,0.04145641272173146,28107,1.3786605597363553,184.32074016184552,28.320552573303548,7,3
1104,10831.914899060364,25111,0.019310264609975692,447,26.25534326842433,531.0656578594261,22.325117715600257,3,2
1105,26641.316491760903,291110,0.022996160878474406,7359,4.300897209379783,168.10118672855924,29.135411608709084,5,1
1106,26443.684659139315,234218,0.027192332405782692,7372,4.175859390888142,146.10978869000235,37.47195065328634,7,1
1107,7145.492521680754,49728,0.019437513793669564,937,8.28509172641533,455.0015915696739,52.44195094912053,2,2
1108,37112.52192514148,447703,0.040244404435668825,15978,1.8903052844643222,330.2549950445912,80.90296018126881,2,0
1109,6826.572779056997,28857,0.01817350416338946,500,13.859863988719823,481.2936509226109,35.15617595762184,1,2
1110,40746.789921822216,417827,0.04400983851726828,16483,2.1553035960210054,358.22684781689526,95.71791478912284,2,0
1111,35097.50362564334,357411,0.038405106946928544,11983,2.618968713893494,427.21150165966037,70.10579525825929,2,0
1112,35218.75929566557,234461,0.02763198646937079,7096,6.054155922991245,159.86917756830795,30.611655542507254,5,1
1113,29419.97695746699,351138,0.0283477218262366,11484,3.0593172257903403,166.27906456937265,49.30126257631746,6,1
1114,9578.306573512878,38762,0.02105492340569713,729,14.895059934793897,438.55760167246535,32.83083269687689,2,2
1115,38975.77903604558,403289,0.037898532080334404,13355,2.252335026096307,401.9661103767678,84.86273236069664,3,0
1116,38329.5862421861,518289,0.04140557891835006,22750,1.7602842405454635,49.21586707695902,32.63540596693072,7,3
1117,38335.62288006093,412423,0.04891922871948519,17461,1.7891583910115667,398.47728357573374,63.40643928601948,2,0
1118,40718.06977106559,448902,0.04297295565949415,17054,1.9013342866380711,335.82863974207714,81.28983070647979,4,0
1119,34180.5843008044,254561,0.02772236297893671,7718,5.239260594081493,86.94988897619551,42.91369596573268,7,1
1120,8531.659756686517,33746,0.02101236291745278,636,13.441813951624841,460.33041275858824,23.069198093362253,3,2
1121,35607.74129033532,475589,0.03830960930089751,16225,1.9417366074149933,415.7564444957862,75.7824013676546,2,0
1122,37086.23154376356,529405,0.04013252625886294,22529,1.7298829610260067,145.3397570568379,22.382971715433154,8,3
1123,40270.93075698629,498426,0.03865874244922746,19601,2.038261526149067,73.69406458754526,34.14029685229161,7,3
1124,37714.70019515699,324269,0.044054878071335755,12921,2.336473910050809,452.5868169699423,75.48168065814038,3,0
1125,35687.884268468544,361767,0.04239738816962493,13963,2.25207954974964,388.2513560720807,73.15680294265965,3,0
1126,40230.38310343977,425189,0.04474911099063352,17352,2.031120049980398,345.43543032012286,85.79772754124151,1,0
1127,24882.33457634829,217949,0.025958001732721787,6318,4.684990858607155,157.40184223473125,33.08315478718134,6,1
1128,5621.19235350867,4420,0.021790684569934517,88,66.34728384458738,439.7668110018322,19.4156531010394,2,2
1129,10713.49323350194,32712,0.01986880129114554,595,20.635522103316347,511.3813632171948,25.075040329111648,3,2
1130,40098.421577603236,384953,0.04462670656037543,14896,2.3581495580869674,378.156016939575,76.34676757817269,3,0
1131,13003.46744024551,61220,0.020697799864534207,1167,11.865341405133693,413.26998415737563,39.5666838360165,3,2
1132,9782.767437352848,54875,0.021344513944624798,1108,9.265785277104474,427.6986476135679,29.008789224886804,2,2
1133,28653.988864646653,233210,0.02856329882268855,7535,4.351516043425808,189.64358197473416,33.82063319690399,6,1
1134,36629.130874692935,431437,0.04132761270030472,15780,1.85907429770238,403.2282540939238,86.9795505419062,3,0
1135,25976.242543153556,226333,0.028851180928131104,7275,4.129735714681627,87.98149031743786,43.8819709072231,4,1
1136,43327.29649287846,593692,0.0412647904765852,21462,1.5767506929262012,447.4064947002969,71.25898022931226,3,0
1137,28036.50205745403,248552,0.026267829985840943,7289,4.659743404358525,160.56901279764259,50.233165941213365,5,1
1138,27370.710078154858,245790,0.02934312536351215,8210,4.098999426354968,248.1397320805186,44.877519872276146,6,1
1139,7325.474811555527,33593,0.01958366802328574,619,12.24504292937062,475.9712195988513,27.053261813216135,3,2
1140,41411.490184703034,654593,0.040940461710319294,27941,1.398172220461904,130.83813867423595,24.831740559281833,7,3
1141,24739.31024539609,256580,0.022289508992608332,6418,4.674953370059991,169.2168772211519,44.48304132243079,6,1
1142,36643.636969665546,425392,0.03922877148755428,14810,2.083771608293211,520.8143304821047,66.91852364973431,2,0
1143,42817.644701598125,676475,0.040420073160486694,28236,1.6407575851817193,91.1512337361511,31.433823072204003,6,3
1144,4930.855369795976,21373,0.022082250716835318,409,12.633435426664644,444.4577247549769,34.20156948654323,3,2
1145,41479.34250705468,605760,0.036614196745362454,23458,1.8054122427228394,62.02470068466128,19.03639319665236,7,3
1146,13866.916892844138,62756,0.020774440443925974,1201,12.571102626591232,532.8237552327764,25.71689793246577,2,2
1147,39379.52453537774,518143,0.039770079325553265,21110,1.9066460465315744,108.69892806700356,26.910649117325818,6,3
1148,42997.865633479094,613418,0.040631836085666374,25459,1.6650618878165104,119.14672200249701,19.75683035676209,6,3
1149,10863.300359464862,41711,0.01976777873578378,770,14.982328154561424,489.2378417445803,45.89526083734608,3,2
1150,25962.456435270153,160760,0.027104486288330162,5082,5.9513153615266,125.07037921238205,42.8055287167191,6,1
1151,13548.599174859359,92736,0.026384018184236656,2443,5.4634699008772865,452.32503965200596,33.56893473473177,1,2
1152,37800.76396762835,361819,0.04098123083140825,12798,2.4110818144973534,374.5176418270123,85.95081164323186,3,0
1153,41012.448422168025,492684,0.043140778813034776,19709,1.8860411277987503,333.31630272849503,81.30087431775041,3,0
1154,26672.00999449885,228932,0.023269734430987014,5940,5.0876146380100105,178.84273063042792,31.349426954690802,5,1
1155,12230.738030829281,35656,0.022550245230756424,694,18.177229615083313,466.4933941022418,28.93428184831611,2,2
1156,38779.87901434511,639073,0.04518624995784046,30788,1.3827613976574893,162.25731253539743,22.03433907386953,6,3
1157,6361.455467414885,17817,0.01851466479406321,324,21.146671712441503,514.6684853299297,23.765720240374268,2,2
1158,4237.697572440817,18512,0.017929780657371726,306,14.610028855561621,453.5262921953062,27.5193505603086,2,2
1159,35055.27174971786,345527,0.03936858296465093,11698,2.4496014174987937,354.4109238079227,80.05288059655098,3,0
1160,11893.285058843729,64177,0.018416083342467533,1122,10.379257943837684,421.7993594386479,36.779171428066554,2,2
1161,39672.29206807604,428114,0.04381632844961536,17089,1.9432101492385654,336.38728626329333,67.9585993300171,2,0
1162,44358.33348391828,486978,0.04157167600746469,17225,2.3358677037039794,385.42887148810934,84.08449870211679,2,0
1163,28299.10489014286,278121,0.0266511879803761,8330,4.111343068248832,107.80194810186644,32.54682936695631,6,1
1164,5625.203511266968,30259,0.018310379812670766,518,11.71360498886791,487.5825215250275,26.973710519108046,1,2
1165,27463.64965963796,320063,0.03233265286560309,11640,2.8924022077040004,155.49929176723955,47.83546759621807,6,1
1166,14476.502219622389,67603,0.015506023313990829,1001,14.709958921053158,419.23422870619567,33.81146384550388,2,2
1167,32591.46155580274,300670,0.029275319101607716,10041,3.8938658327063083,126.01165935772478,31.061501207540665,5,1
1168,6099.032674538495,28637,0.020714957756971818,559,11.072180771399916,413.64999895453775,42.33267957267355,3,2
1169,27031.609308623025,202744,0.027590700314081402,6247,4.878250800514355,180.65933639882198,49.74878009700672,6,1
1170,30393.674652829668,276558,0.029203656449668956,8894,4.233989181050809,174.94239837454668,45.18644781995683,5,1
1171,38617.222522709715,562704,0.040023294826550496,24793,1.6373238740974332,120.37469900918616,24.75506039666634,6,3
1172,31646.484054785775,245719,0.029580640817362593,7925,4.245298065797479,153.1944454829581,46.02501389208321,6,1
1173,22453.389516364976,196630,0.030326315534664097,6605,4.023399939433154,136.35332444208052,34.97443865957018,7,1
1174,41183.22256978084,614247,0.04048521826423435,26296,1.5101226086472002,74.68670178958922,30.419630488062875,7,3
1175,27916.339221202146,169732,0.02937860602064915,5523,5.673729682172241,138.6484812595345,32.35565571862698,6,1
1176,39882.20867035913,593732,0.04205457654255139,25639,1.7155678627640798,151.46542148175686,30.60345725927261,8,3
1177,30806.07991094069,249282,0.022262137262519324,6064,5.652297330565349,209.59467616636238,32.78504549264103,5,1
1178,37415.63789221416,341467,0.04440941083678453,13958,2.4592535858234776,438.5938236670342,70.36954169986868,1,0
1179,6949.589887656505,10419,0.021798775639878844,215,34.682013548060375,450.4781410158782,27.395738464378116,2,2
1180,12486.703685576336,66819,0.022796551111486325,1384,9.770314753528156,481.3523339361086,23.59568427139348,3,2
1181,37393.59937867659,548294,0.043033159206635016,23993,1.6025011904787354,89.85665784360775,30.205722385338724,6,3
1182,25461.277106778973,261859,0.02709307660820099,7851,3.520758156717176,208.35142433905594,33.0692075905982,4,1
1183,32818.11777432363,282879,0.029571674247075914,9347,3.9402149299532168,209.73148117375638,31.939536613806617,8,1
1184,37366.56115483083,426815,0.04454601999507419,16644,1.830564836939256,342.62072312567415,67.60771987950552,2,0
1185,38729.80388362036,424837,0.04110734955013832,15107,2.031414554379812,422.69408180164055,82.6902294488433,3,0
1186,39484.58425801188,362174,0.043752939163981375,13849,2.4287484762345666,413.4943586992836,72.99301790314625,4,0
1187,29166.880123128423,268113,0.02955659259129697,8597,4.14770624164641,181.0847789909501,40.15968717710978,5,1
1188,13332.581555678587,52789,0.01518433521341156,776,19.350112918968872,449.2904812600334,34.41530405713209,2,2
1189,42144.07886474711,715216,0.04304412599136006,33439,1.3440076404032697,154.82565151239822,23.388561554551284,7,3
1190,8324.584421707183,10898,0.01847217278078371,187,48.15502689615253,426.8550761532306,30.718973113162722,4,2
1191,41845.25022761289,351407,0.04201465485098269,12927,2.8029271585379387,398.6491419845389,70.18746428534197,4,0
1192,39438.38931934477,450835,0.047572393380140916,19428,1.6264536752153458,365.6309239510815,76.22458855053713,4,0
1193,10073.033938574225,50069,0.020925519327058988,933,11.996176742126716,505.33437373404126,32.224941501275154,3,2
1194,30824.490906226616,215153,0.025307990471572304,5983,6.180228121433009,199.62171531262382,35.100758732557395,6,1
1195,41594.27513546851,509364,0.04290605071546146,19176,1.9714237248996869,372.37312770119274,63.30805039965448,3,0
1196,8578.705899738603,30911,0.018871827812679817,550,16.107163009281365,490.9056603446809,43.15470550480119,2,2
1197,31217.867621652447,328415,0.028331309258651648,10537,3.4373954850772246,179.70709704032828,36.9039805195892,5,1
1198,33996.56059624251,233462,0.028015734506422196,7254,5.885960996287495,99.31726799706408,49.577260558160255,6,1
1199,23969.942410756354,177512,0.029592401960119016,5905,4.643676118740032,125.07684373444799,32.747671882364784,6,1
1200,37405.48650695691,455301,0.04249783943229099,17245,1.7889796112121015,357.5329668738698,73.90617012512052,3,0
1201,7133.549487595635,29412,0.020063778361916963,544,14.697329073149168,357.44569178827567,40.107154399059944,3,2
1202,38115.00021939807,402679,0.04329460794299356,15137,2.0333911031957355,353.1201551942404,82.67316130342506,2,0
1203,40783.0161374159,405143,0.04320158721218291,15805,2.2413937173191627,360.50416305687514,81.48388249942332,3,0
1204,9667.496153283568,65855,0.024275346037785146,1517,6.892571462232914,464.00125964072004,31.277195673217417,3,2
1205,37834.899622064324,402435,0.04425997354452247,15056,2.149365907985428,357.7321944543658,66.62195942104985,2,0
1206,10253.10311616991,46294,0.01880943893052028,855,12.712614917872875,428.8337327307775,33.172409852227496,2,2
1207,35733.00869498187,524479,0.03978058375658361,21911,1.6376887422162703,63.23832008260131,38.72126871605908,7,3
1208,14590.88408778256,64669,0.022323017120773912,1347,11.576416576090654,482.1575061278578,25.64723273294965,3,2
1209,39632.079573524774,687362,0.04022061759866139,29261,1.449090556486906,91.94891528000034,27.353058849675406,8,3
1210,10723.554341148552,49366,0.01642940370149195,776,15.105739089877599,508.8770178835319,41.84136214369995,3,2
1211,41990.419382432854,577882,0.04205296398413162,25553,1.7188546068563668,168.52005885584174,30.63650973969639,7,3
1212,32252.385276527522,258456,0.03035068043239709,8819,4.503697011454726,189.77079919662356,30.917452451911004,5,1
1213,38784.758958448925,343097,0.04383107427649292,14531,2.3258334941447627,314.03847290064107,76.54925117229254,3,0
1214,7850.201620847393,37675,0.020182378704233814,706,11.833262093142828,426.9619408912787,37.875067537514674,2,2
1215,25576.469460668057,203466,0.027296842391479226,6277,4.821255992630703,170.65575203157093,41.39145325184378,6,1
1216,11150.898735806048,20205,0.020936120619269305,394,28.94108995991989,410.47077018103,35.59395926404217,1,2
1217,36712.80394241063,509519,0.03860894661636055,20087,1.8234099812993452,119.22022570276108,18.208752205763503,6,3
1218,41045.77354329226,414495,0.037000737590067834,14178,2.316620791296333,424.6072152657764,82.78182041557409,3,0
1219,39442.37005565209,391293,0.04608625611760995,16596,1.8771007317105928,321.0350512271257,84.633339166279,2,0
1220,38060.372929246034,416685,0.039749325892783245,14831,2.1354423990407527,327.5781957131704,76.20885990239655,3,0
1221,36283.34945006272,395787,0.04413643521479824,15664,1.8990986207638236,343.2518357434382,92.28712044560427,3,0
1222,32141.319642512317,285710,0.024442965345689363,7673,5.003618569195094,150.30542773864553,34.27598221899674,5,1
1223,7506.08305340694,41719,0.021429784319812975,854,9.586818132738554,484.1093312407666,42.68071446407613,3,2
1224,35745.13967446863,566926,0.03892272997748838,23133,1.5650318367559377,143.08939652080232,33.9003405484128,8,3
1225,8980.047245631366,35401,0.021396505666372537,750,13.614525207081568,434.9600135098805,31.86927331903606,2,2
1226,32700.138344124574,249989,0.030181086098628566,8119,4.649947387920455,126.1508699245788,39.838169456979145,6,1
1227,10141.092510297296,52723,0.017950181760834922,868,13.345306798168638,477.1208382694117,34.569643023920136,2,2
1228,38395.84819144986,525301,0.03902779244469076,18324,2.048148826191652,413.9295070911851,75.92319664128526,2,0
1229,25835.831352725203,228100,0.028167287187977556,7227,4.361684091772359,150.9602961720204,33.07557426211795,5,1
1230,6017.688900153358,23437,0.019190283288406024,421,16.210295606244554,405.47218550427704,26.611927022235925,2,2
1231,28703.94482213525,180232,0.026719591474965422,5116,6.748000645904884,120.98702715355653,49.604014683419706,7,1
1232,39648.47867193002,646835,0.04652351462563479,31630,1.2177969704115963,124.77942938025119,23.87002564603117,9,3
1233,28510.735651841784,238981,0.02448094338454813,6497,5.1960177663561655,158.55126447072067,48.10415333169333,6,1
1234,27317.825472303743,161348,0.024972082952853497,4522,6.40431040421965,156.56962706070294,53.55874644961578,5,1
1235,29934.216396541884,286174,0.028650052542091034,9413,3.712151658041914,151.0287485035522,32.90925583012908,6,1
1236,33620.82776069046,308003,0.045847970332763305,12124,2.339462539014021,378.67119928841083,86.45392724683163,3,0
1237,30349.320867491017,235616,0.0308902510795121,8463,4.12131909677613,123.49038031631477,42.4503778292722,5,1
1238,6591.316647064352,22819,0.019318326227037403,412,16.575043799800763,457.07956166116423,40.79446929956227,3,2
1239,5939.118476361414,18005,0.02155598894379426,364,16.101892674570554,467.18920749067183,43.993014605636006,4,2
1240,37341.563751810245,406865,0.04234388291945171,15130,2.062751957888354,408.9591685744171,79.49699410297345,4,0
1241,32060.399174276157,284349,0.027163238604817085,9188,3.8131524272293467,97.8498101035394,41.64882300237826,6,1
1242,43095.84966271463,650579,0.0432111909576857,29218,1.5656332863696738,109.42581639785811,27.835102118433653,7,3
1243,37303.84077165511,466806,0.03864866426080365,16288,1.954299899201833,421.0527661476109,69.26095145538697,2,0
1244,39426.89230514371,682218,0.04095869746254251,28141,1.4032057141507457,130.47808613569816,32.32782252949802,7,3
1245,39922.86015265584,669267,0.03858374199559412,26242,1.5889402541189677,79.31915523285328,18.954470737856795,7,3
1246,39227.78259827659,546676,0.04293465933078676,26030,1.4317362157562616,123.87255661510741,19.09978762807639,8,3
1247,41745.64181841541,437323,0.045941968576667054,18164,2.030765702124415,389.16833860540936,72.43161052298757,3,0
1248,39845.96945192617,591701,0.04106684789569807,25891,1.6078304100929228,84.35793065511477,27.863916330646717,7,3
1249,38291.66404023572,453857,0.04281302649682243,17198,2.0126084889933837,377.55626369116425,80.98043041211204,4,0
1250,37950.41293570381,405094,0.039638852472152375,14993,2.1746384268042407,358.1824237119547,71.98714654031342,3,0
1251,44521.9092204961,645046,0.03870497248918927,25181,1.5828403147672436,62.49412686808123,17.217371348696684,6,3
1252,33410.393540869365,556920,0.03908820716282633,22030,1.5803795491825232,128.1369246246598,22.16516346179822,8,3
1253,7376.340467070454,24684,0.021311400741097677,493,16.178448291743152,445.34840286979477,28.89266323085431,3,2
1254,31884.37931757986,365279,0.03870683160837534,12731,1.919837199114386,324.00189816697775,76.6816607843664,3,0
1255,32984.643430728494,274825,0.027564151384587267,8593,4.59807841383276,142.5723789655514,46.62245077327763,6,1
1256,13378.525783320685,49280,0.023083544096884793,1107,13.33448999804334,455.1092226313149,37.172013407396555,2,2
1257,40645.91045638801,618204,0.037970600658035716,23995,1.827849489678414,171.45569695863318,20.77261486226845,7,3
1258,39395.5030007037,367530,0.042967359154810536,14113,2.3626792865804136,348.14605766193574,80.93158638786456,2,0
1259,6925.962823182585,19767,0.02068281310746617,379,19.70908446737723,440.6371340593301,33.67015156451732,3,2
1260,39534.59020273705,626943,0.04310510251976927,27689,1.4401642219602575,178.95746325793732,17.49104857466429,7,3
1261,41700.99447843667,510567,0.03863819619360997,17000,2.1143082971814873,386.5251804906414,81.69976750392279,3,0
1262,35361.625477290414,497293,0.041230581131924786,21126,1.717376741180346,187.2654395660655,33.41774508266185,7,3
1263,27475.424556604274,136299,0.0242935157787004,3682,8.906773077645953,116.16789466254515,42.31777317248295,6,1
1264,14396.37709560328,45128,0.01872952009921576,787,19.350101701646658,531.67549838824,25.062728313730027,3,2
1265,8316.43857145168,54849,0.018742077994924302,997,9.352816688429415,483.6949106352149,37.47208049977753,3,2
1266,29836.797811187465,176877,0.03060590806606662,6033,5.800018462985382,104.64390163052138,38.302587346403605,6,1
1267,7501.8400198899135,52178,0.019467633744351384,942,8.305582089719653,432.187728755754,25.661399663136315,3,2
1268,40333.34287590554,484166,0.04339990031425028,17723,1.8168879998046124,375.77638499323456,72.90545818455492,3,0
1269,40256.425380396,628860,0.042313480623351885,27339,1.4662074689620288,129.98842299548926,22.91549220119709,7,3
1270,8022.2804254693665,62080,0.0205230152611874,1216,6.704085413584623,462.3938767644125,22.465248946261436,2,2
1271,32023.04402101145,283882,0.030561095628391315,9565,3.963496495069562,174.46876011889404,26.594271643921207,6,1
1272,37200.67973675601,454629,0.04437243799614118,17801,1.7905139994735217,416.2201785208369,80.61265814135939,4,0
1273,15883.148431377791,97677,0.02077835117636503,1859,9.459715476453592,441.3077079160285,34.75375612506802,3,2
1274,30030.536229522073,283480,0.02854382062642888,8587,3.776343860624092,156.539313383769,43.47789326144292,5,1
1275,31573.753736005703,259446,0.025921573146668618,7565,4.883147948286337,184.18648760796,41.29122667227202,6,1
1276,29873.583690656895,238180,0.027060198496321394,7313,4.608305141624518,222.612267433746,35.86244077603514,5,1
1277,38102.621652071764,396377,0.038374884999306816,13801,2.047714814298377,346.99857820080626,62.98961903311311,4,0
1278,27375.787357033238,185762,0.02997136058319401,6194,5.095299593262848,149.20789703600485,43.42120270436879,6,1
1279,30968.5536607392,266917,0.03085259322116693,9122,4.153533036476989,81.10214717368633,51.09260897309985,7,1
1280,36650.591846275966,474586,0.039698016325141514,16648,1.8930933246533377,338.21113849828095,82.73907826567057,3,0
1281,43012.22247213822,759231,0.03754117490541817,30293,1.4594419983002442,123.01912546806014,21.4383432248631,6,3
1282,37677.24095779136,472616,0.04761307960664983,20445,1.5464915041063108,340.5593261565085,78.46914722140326,4,0
1283,41103.419590895704,670868,0.04192944757164357,29860,1.2854302663058992,145.42919129867096,34.0855156273407,9,3
1284,10831.98741693818,54241,0.022608854125431514,1163,8.843084213988837,403.6880936871465,25.937373985796235,3,2
1285,11602.762880567161,49586,0.020086110716804065,946,12.997871101768718,484.17675080045746,32.007980289304925,1,2
1286,25603.580031602865,209001,0.027314078543080128,6378,4.813082476116635,93.43965081004664,37.99990549381897,6,1
1287,28196.82205051102,214179,0.02828201594113689,6637,5.275231321177169,167.43353058678295,38.32721678314909,6,1
1288,8751.39943848323,41061,0.0185947129399401,733,12.42036632729158,503.6068800322161,40.18961162705742,2,2
1289,32860.950308162355,484171,0.03603956722409813,18769,1.8247904672079924,162.99693746525543,37.49852947949626,6,3
1290,31139.933403655075,245329,0.026795129365305467,7161,5.188537447088772,108.02891367229395,39.47265786795594,6,1
1291,37295.61207015081,340787,0.04782672384594993,14149,2.1254960772719764,385.05001818625686,70.45857602970491,3,0
1292,27390.86750644152,226980,0.031186001109531444,7860,3.935175775393228,213.05417488128262,38.01122583645286,6,1
1293,7307.376412158598,47878,0.01776833585209034,805,9.754605833816013,412.79916772531084,39.1429616709736,1,2
1294,38378.45760443718,584514,0.04555004739440926,26979,1.3358931781582346,101.42350469795653,32.361593192483426,6,3
1295,12268.913389379453,103547,0.019502615598420685,1973,6.159280160120875,407.78452669104576,19.284577942473714,3,2
1296,10932.96090114862,46832,0.021420426430421698,953,11.957406315764711,490.3696210105908,29.39948321288835,2,2
1297,8696.023405053087,47442,0.019456058778663344,890,10.599987112427655,502.1323980151068,40.43680160888814,1,2
1298,7115.643286613157,46036,0.021000459025631777,898,8.726992826787612,457.9907281025068,30.352211683879315,2,2
1299,38413.732858608986,554658,0.037444747948908,21711,1.9223129676982016,113.94244096198037,35.14968671269207,7,3
1300,10632.184273601684,46563,0.022528733897780998,981,11.229038333889084,442.1448746217827,34.10019699158571,2,2
1301,10306.65653490569,56343,0.01779219088884745,961,11.157258420651731,516.8113731245778,37.24147987577398,1,2
1302,14009.046261672625,79089,0.020524128201830232,1470,10.264812232027507,526.2715150823519,24.319401346710542,2,2
1303,31069.04390679065,271365,0.03075664201874559,9734,3.9599430841825143,145.91779762713784,44.54331315206951,5,1
1304,35934.92405554158,584169,0.041797220261047895,25285,1.584686943824348,117.72267207412132,25.511993798109756,7,3
1305,12295.10385998431,76656,0.019079190715364333,1337,9.928983140534807,521.4792421340801,22.537224422006464,3,2
1306,6736.010394633079,29369,0.022037493392921253,600,11.877697170589753,435.22864698466987,30.977427021866138,2,2
1307,39017.96078027001,380017,0.04870322624063768,16612,1.9034624423947952,456.8767455111261,83.24467235882315,2,0
1308,28076.475386056394,246383,0.025379348091738654,6990,4.20084077462997,150.2604690856733,50.43248970444918,6,1
1309,27142.313906138424,220980,0.027536918178968806,6925,4.379341616312808,63.828883954366376,40.53117429787507,6,1
1310,21314.434035748112,166184,0.02894592560305937,5417,4.38534365361664,203.5463318273178,43.21971726082118,7,1
1311,36849.15304826009,455207,0.04207287124186438,16873,2.038096125311392,334.14202051688824,78.34064837818593,3,0
1312,39415.62777699804,452123,0.04128588444227464,17065,1.8087288471525331,370.5989916834888,82.678975917135,3,0
1313,39589.81086366292,628471,0.042745324801953484,27481,1.4177029457492032,156.46015412061016,12.30880842653842,7,3
1314,7023.5006922789935,40065,0.01869705209029077,700,10.08863385569206,535.5804492674972,26.765038666916375,2,2
1315,37343.13940605449,350969,0.04485689982093491,14729,1.824262805493495,299.1632116064186,76.81517882120946,2,0
1316,25464.839719739037,236267,0.02695076896048719,7145,4.461975668955085,164.3377329477812,45.782530302178,5,1
1317,36611.66343326942,536271,0.04358184535009794,24344,1.586342394238625,118.19649905555521,30.101922457757595,7,3
1318,38764.97087430339,381309,0.042833491248617676,13934,2.057267821105725,419.6630721283367,85.35310474009152,3,0
1319,10245.199046393851,34915,0.026143856734220657,831,12.487335785971187,416.86164287076997,43.473295391438214,3,2
1320,36507.46427847428,469550,0.04242909554005101,18152,1.6245701954398393,366.78737066114707,76.70160792660917,3,0
1321,35924.26583376557,389253,0.03863719824325364,13597,2.3540450111347346,354.6239264400004,90.12051339232762,4,0
1322,38087.8299402553,495744,0.042575714876518775,18694,1.6866689480882224,403.11001020741753,75.3033012259896,2,0
1323,29154.099818004917,154236,0.02406983803886932,4044,8.097608681574943,207.31370435937177,39.647024514458415,6,1
1324,37865.757472003446,439356,0.03673404648988459,17018,2.2756934033050906,162.13294268873315,29.400317290301263,7,3
1325,40249.71570555107,472924,0.04287490886766044,18265,2.096480609830421,333.81894737518036,89.62029149073312,3,0
1326,26313.300168034733,213987,0.025251182317273718,5896,5.07612342222406,153.52749996115665,42.69108846869615,5,1
1327,10155.411284936567,62712,0.014921209982226406,927,11.477192622126164,460.8809521345948,43.064386794284594,1,2
1328,8055.70679266871,31135,0.025463405393303547,749,11.113230779903148,424.0414729732366,39.191789311470906,2,2
1329,13376.347101965232,47798,0.01805033551307151,781,17.58855723969793,489.2986643439674,32.973987885077086,3,2
1330,39733.70118554522,399492,0.03901498398292504,14026,2.266944686504125,372.0294532045441,72.50683700283716,4,0
1331,12422.79200536404,48750,0.021259966005852872,1015,13.157350124685632,439.0819228336365,26.402511643605365,2,2
1332,6800.1646675888205,35163,0.024515727916530346,808,8.8998312465183,474.40293672700136,35.99923477321762,1,2
1333,40029.09957185267,634405,0.04319048775508525,28427,1.3886699669542206,166.84179194678188,31.987822850031183,7,3
1334,43302.35110276565,575483,0.041494903174174334,24340,1.8417518327759175,125.46708168423721,30.718634740837526,6,3
1335,37431.48765124004,532857,0.0399544963886808,21954,1.8292776976738176,113.91598790376018,29.77085792812056,5,3
1336,9182.423023239084,59252,0.01876399405258944,1083,9.140706000732655,425.2700573299022,29.145920246984762,2,2
1337,37085.648415127616,642390,0.04162477853632461,29005,1.3177331423877683,129.25764997263946,30.220046926916993,8,3
1338,39273.19789987432,529394,0.04082413961883038,22289,1.9318431815230819,142.30934095314987,17.143707430580058,7,3
1339,38875.79671655889,408205,0.04635083859530398,15916,1.9968936774471302,337.85610277718763,73.05186974703153,2,0
1340,17230.51717364081,66685,0.022392167826342818,1392,13.677659256693714,475.8145059258846,35.82981097105764,2,2
1341,4747.7676255815095,24028,0.023243970537956023,530,10.171415652048013,479.3426707854976,27.862877615962095,3,2
1342,40198.13798820159,525545,0.03903402764224496,20647,1.9034936573889594,153.9116962469877,27.341659353548348,6,3
1343,38617.19536679551,395598,0.04380956783999091,15365,2.2063170413250175,373.80298964387606,76.47911929157107,3,0
1344,34882.48031291679,372290,0.04554472042960394,15428,1.90768663684911,451.4368951220911,64.172902180882,4,0
1345,34021.14406214766,335251,0.042530405732746177,13308,2.0936589503854814,370.0106769618145,84.30651791412149,3,0
1346,24547.501473240594,219204,0.029958684460900345,7330,3.9198822932087327,140.0303508696832,37.95820184655328,5,1
1347,8519.348937437153,36923,0.020108901177174038,719,12.777062695661309,475.6273564367626,21.630011752161728,3,2
1348,36031.47341802663,511642,0.04123508919895822,21975,1.7639179421189473,116.65047943326398,24.495722536035526,6,3
1349,40360.36807335871,580280,0.044516236452301725,26994,1.5630239093904734,105.94367733223196,33.137144096239155,7,3
1350,40510.29806305539,330200,0.03974714214101383,11724,3.204943946142789,316.6882919695615,76.02001071757097,4,0
1351,36119.236064776655,668782,0.041563760211122076,27614,1.2698679924282674,122.98777549736184,29.522246033137222,6,3
1352,8524.526661466109,29497,0.021780009999973322,596,16.852093883670854,468.8596565803325,28.953894064936343,3,2
1353,24523.972347570078,157393,0.030566181341318034,5265,5.74779419750547,214.34731862409134,34.778485641661774,6,1
1354,4645.066853294401,36950,0.017688766809459612,615,8.137519183388983,413.22636816575397,35.908859450923295,2,2
1355,9882.561201208397,63521,0.02323113327251223,1440,6.937881504882815,441.3140683394612,39.92138897855641,2,2
1356,36738.50267064809,550764,0.04111292567412937,22632,1.6429414580118769,112.79360125784605,23.034770381222273,8,3
1357,37690.937801017164,509919,0.04286461797638436,22403,2.070026264932204,52.60378169469449,12.357690289122539,8,3
1358,39947.11422947405,406654,0.04657736892772957,16232,1.8780513939371881,379.3773237274464,83.65615488139537,2,0
1359,9408.34381751004,48505,0.012810398968185675,593,16.744739146710568,460.6489576343753,29.99778598048136,1,2
1360,40157.21634374234,596691,0.04309488825094387,26963,1.4849966645511286,137.91442277905222,21.1116758926144,6,3
1361,7677.816277476064,41539,0.01957018053472074,755,11.166673527850104,496.31924827730126,23.974769941249175,2,2
1362,24882.301562928056,233320,0.03011534642787276,8104,3.51814027987526,198.568008585698,32.763856380289056,6,1
1363,22893.73207845823,221945,0.02680454611832518,6500,3.7123354046428263,153.22821758337565,33.471553551231516,6,1
1364,38245.66856312881,490606,0.042284684181163865,18316,1.8288865946207646,350.58354936244956,70.253143874922,3,0
1365,26748.359435523842,257289,0.02619655737123578,7501,4.282155605662423,189.4807373937609,38.57928734097917,6,1
1366,32639.768897888272,248892,0.02367620067637538,6670,5.743173019204649,175.81536203733734,57.53302862439747,6,1
1367,38718.98541425831,509267,0.04172852696923842,22014,1.8088306883286251,142.12105536001727,23.70300069527188,7,3
1368,37625.959130604584,474522,0.04296818348906283,21545,1.782872876910756,122.82227466939533,34.34535298298827,7,3
1369,34512.50919023592,390161,0.040053506467269226,13673,2.1567376650165646,398.3826840831014,75.53280001247349,4,0
1370,25904.309149156168,200448,0.0275529660785354,6266,4.761672812480076,130.14391576122102,40.80425116559058,6,1
1371,32187.36261389972,269557,0.026865561768847607,7891,4.515756209170782,186.25546434500365,41.10208270147583,6,1
1372,36564.93198104596,412998,0.041619790999826864,15759,1.964016465878428,375.5428363835073,63.93712244078481,2,0
1373,43011.13053048884,590915,0.03724686079289971,21174,2.031409645352394,97.29789705738622,38.28696220213686,6,3
1374,7580.013338928277,23828,0.018658763704219414,405,20.83921859463377,497.6134230253286,24.288270921888813,2,2
1375,28858.27448061863,222108,0.026216771120042635,6534,5.026960439249992,188.24685573974764,54.51874401280698,5,1
1376,28912.724486927298,285523,0.031925067475217436,10126,3.3562639337779356,193.75575382921878,26.48988465180029,5,1
1377,26857.514674072896,274543,0.027955694386222592,8439,3.347208237347342,157.06587501594663,44.50296604841413,6,1
1378,39569.23917694155,399635,0.04166525329691172,14335,2.4903199879673035,452.70257777873263,78.92047757754521,3,0
1379,9467.224482186692,64860,0.020404125231328583,1280,7.793366047027803,530.4555191680553,21.503385862520087,1,2
1380,35990.800549274136,528262,0.04395222687612196,24365,1.5816495897348168,64.53528145547378,29.298635626161868,7,3
1381,28348.218932643613,308388,0.02741923432123878,9349,3.5625054414191815,199.91528717167373,35.319033485408255,6,1
1382,41916.28406281323,553334,0.040030248322024294,19784,2.0215904774438203,365.95852651306205,96.39794055880544,3,0
1383,27548.730037237467,264103,0.024539343809480745,7150,4.296885431333508,131.25562702473587,43.60799638203883,7,1
1384,39816.333662855235,466680,0.04856863792073756,19946,1.680157479976084,378.5540184529309,79.2654039945153,2,0
1385,24921.613482926856,183758,0.027877150921357848,5672,5.137922669823229,156.21046877384853,28.137314427725958,5,1
1386,39691.977876445075,615073,0.041232918906448666,25517,1.6272573542610067,94.30684265895137,30.425090026441147,7,3
1387,40583.46040082474,486232,0.04108759188593657,18403,1.747150719426604,418.8559058325669,83.23621068735325,3,0
1388,32231.906982951707,272496,0.027755438937721928,8322,4.563336322025108,206.33807679571285,39.953541382136166,5,1
1389,6389.727928843738,19923,0.017633669736623322,329,21.471731351757896,503.1431789826984,27.22724461706286,2,2
1390,38765.27451062438,342379,0.04390802081019611,13777,2.48203228874846,306.9426878092762,84.61914686201655,3,0
1391,9372.553372890521,32859,0.019752276418096407,601,16.357091669594713,445.90921771386365,33.45609268366942,1,2
1392,47423.20883698052,669334,0.03939238210296277,27563,1.674448683949148,100.53961011207049,22.206140154826365,7,3
1393,10563.852391163979,66251,0.01909167722343116,1175,10.296166439544832,433.7641317584771,11.453718574017524,2,2
1394,35961.343173002446,539111,0.04199865118682431,23851,1.49662782762371,97.77043864097439,26.58251008616752,7,3
1395,26546.522395944507,205277,0.03051721570119504,6691,4.575236040463449,136.79552250845327,43.44568721265462,6,1
1396,25829.255031419503,203064,0.029162651302566768,6598,4.624508064986245,175.6588095782484,43.498048195429774,6,1
1397,8618.08757257598,32810,0.018969276599803773,555,16.44854065504204,487.3186887065498,29.747574353292293,2,2
1398,32315.548366524523,144004,0.025175583222162984,3971,9.716196195681713,157.33982668631185,37.41862371418549,7,1
1399,40559.22738173552,502068,0.035095601651801915,18680,2.1762812627884816,176.44939776924497,24.476810563543953,6,3
1400,35402.100732614505,486192,0.04012175802244948,20365,1.6370163988425348,210.89822053008066,30.03753189253317,7,3
1401,37868.89662231562,403903,0.03760743008735656,13260,2.462492162476622,349.8264480595956,89.01110269576778,1,0
1402,35444.92527260159,415325,0.03866331598691761,14004,2.1279537748658224,418.09197809420897,84.12748067270306,3,0
1403,36620.42932022892,343669,0.04156398874423529,12921,2.207165617855304,345.95960120475553,74.44133033443727,2,0
1404,9852.185551471355,56279,0.026961588726514704,1369,7.087674001904622,523.5984043285443,31.827878194345445,1,2
1405,40109.2282259825,449977,0.03935518291649896,15722,2.1306250166768224,377.3596457577951,87.15577467748159,3,0
1406,39168.32715995093,531164,0.034980333636910825,18906,2.167344533047827,110.27027272540228,19.366727391831294,8,3
1407,28728.131554816064,232960,0.03200304746032259,8253,4.257799459421562,170.09698108575486,53.1806402994061,6,1
1408,30442.697021076623,209794,0.026653490725042042,6362,5.402857239613275,190.09835974041658,38.802303021206505,6,1
1409,36185.14927553535,474783,0.03993368803528746,19318,1.9915035558295289,54.6535994744649,22.544686431442397,8,3
1410,37969.97562710766,438304,0.041822625781376674,16270,2.089226992898418,378.1348747028736,84.27565477464177,3,0
1411,41665.944563185476,539359,0.04229486753606636,20326,1.7990867779535453,343.1609426520022,92.81347810084073,1,0
1412,27096.58044419498,210820,0.02712552150578642,6173,5.2837466141062155,175.1203346556158,32.223295676515576,6,1
1413,36395.87802821648,507028,0.04225748210425172,22659,1.613051301202752,80.31683495093762,30.536100965765854,6,3
1414,28645.501706117713,328667,0.0294068439200164,10821,2.944455334991317,115.01847057884416,47.57566715328038,6,1
1415,40269.16674835257,477201,0.03945563044550622,20142,2.1269030374218763,65.25462214557606,25.04710478116296,7,3
1416,32392.40815532806,267860,0.02694409762892784,8103,4.607059341309808,171.0396291836493,35.40007524326233,5,1
1417,6893.624403731172,55081,0.019894045996733715,1037,7.478590292528838,464.932669638573,13.305494348857241,2,2
1418,8005.184511876552,60160,0.017172889619704323,971,8.838420986609401,474.9477738588515,14.235381727522558,3,2
1419,42171.98306666826,637520,0.03896751463604856,25347,1.709556122750603,172.39453060840512,22.57630461359439,7,3
1420,31050.862855777526,254789,0.024204196049520142,7074,5.224544911140831,142.02207427227268,27.47939401039788,6,1
1421,39890.963882162796,505029,0.04507622796748798,20158,1.7335638360264045,391.3264814308763,75.20203826014378,2,0
1422,30378.497153371147,252822,0.025125800694936216,7064,4.970919336194909,188.40501132666134,36.989741715779,5,1
1423,10318.00442251529,56059,0.022090103998333523,1182,8.861253712432497,506.9195880702865,26.670200422777075,1,2
1424,37339.87993093952,279953,0.04457014625198195,10663,2.875600929771693,425.18524077761793,82.78141785958144,2,0
1425,6303.407137344741,32508,0.023096548330101708,725,9.79125187699728,350.9798054161669,31.534952895044206,2,2
1426,38301.24976034041,587633,0.04401625011157982,26531,1.4712014675840064,176.74959702397595,31.54041528503689,7,3
1427,32891.50235095297,249732,0.028149696513809302,8010,4.339631401529201,147.92648748501722,44.482289538021426,7,1
1428,41114.97655834144,467222,0.04470223261897992,18973,1.8100947549455355,371.7869913943845,75.44436270444083,3,0
1429,38129.67460708952,436344,0.0436639937862281,17419,1.8367593698698161,340.2288430919574,69.00759877434925,3,0
1430,38597.44241199154,554970,0.041595793726189226,23572,1.6927895231892849,117.4786711768931,19.31471356748232,7,3
1431,24432.141733147666,167574,0.03238802733993549,5989,4.6211018181421,139.47185483577016,39.447928086330045,6,1
1432,31001.987476581555,262509,0.0227024648680956,6509,5.755613485505749,209.29036812431085,25.80459394055683,5,1
1433,36768.93167653635,366889,0.04425224422536254,14396,2.082353444048485,454.3043170752085,72.89397782619619,4,0
1434,13832.769056339113,63596,0.022486341373859117,1351,11.051988052222796,437.9137313545748,28.65927440818548,2,2
1435,37043.319375093764,493200,0.04127744903093525,18375,1.806504392362637,409.0804274639709,86.41998093041761,2,0
1436,4660.858934468295,29539,0.017088335959149846,476,9.92823682851769,466.16755034792214,39.500782086576066,3,2
1437,39525.64603364062,427807,0.04234910361931198,15819,1.983865271214755,351.01618031636184,80.32649428641723,2,0
1438,10271.95746591897,46740,0.018059710706891184,793,14.688875344849375,551.6603162284677,29.910867961242015,2,2
1439,38845.09814822002,599679,0.04113940006987513,24673,1.6755662175238184,132.424955305844,34.60434476808038,7,3
1440,12797.45693560916,48652,0.015732446601502928,717,17.882273826357526,494.03183126679573,48.87171033281781,3,2
1441,8039.193627263156,33165,0.018540476942070453,581,14.955401274672992,491.8652587658846,19.535248058170623,1,2
1442,38161.262246717,492032,0.04331753419683637,18373,1.5824530526514913,433.67032899372776,82.67670427125577,3,0
1443,34373.02442404292,323547,0.04274976998016861,12542,2.2669179313525274,304.14983407493514,70.06493346777664,3,0
1444,26798.671631378453,196342,0.029149253618503235,6191,4.938185967338708,289.5594609168852,45.40553615240879,7,1
1445,5941.931685261819,31580,0.020289142056582797,625,9.936213495755602,412.5943867151185,39.08786899844675,2,2
1446,6138.15770144986,37470,0.020992668648628407,735,8.954924973695409,487.11204155869547,24.24478924390307,2,2
1447,40060.292882986156,570338,0.045443184037752264,26526,1.7238152849918935,73.32096331101948,21.75633115394524,6,3
1448,36329.63270571004,445866,0.0416507135109344,16661,1.8598567415307765,430.19307225318994,82.05664165059578,3,0
1449,29186.060979364305,277439,0.02796407053695283,8296,4.258174433670034,131.19225830163307,34.374546615029544,6,1
1450,36176.70719175975,549033,0.04015867332293352,22802,1.5713040781801788,36.19143850702447,14.788159868262401,7,3
1451,40602.17343584172,554059,0.04573005086216416,25505,1.6947862104303006,89.01428010560107,32.93722222442271,6,3
1452,36841.5041123603,417933,0.03920987917056859,14778,2.1013246072262297,356.0770363643735,72.14919946242414,1,0
1453,36158.446720060165,522126,0.03664984457826196,20409,1.9099789480378602,58.97820980131114,31.062359629035075,6,3
1454,32395.43826354512,263016,0.029604714172926733,8432,4.324204244758285,187.01245660009857,35.907806588147025,6,1
1455,29009.224263601445,213204,0.029917319573422994,7146,4.609268837595493,125.91648601447166,40.25686194824956,5,1
1456,26361.350297732042,258591,0.024057979388842136,7136,4.452092924808755,107.71056456682516,31.912052188747843,6,1
1457,23158.595493924768,166058,0.022068964851828486,4086,6.526492976957291,145.14506655898924,53.893867417409616,5,1
1458,32726.492101681026,292711,0.03239287144763694,10483,3.1566402474639426,210.24732091707014,42.990940352275295,6,1
1459,30459.630434914776,274318,0.03004026969638679,8944,3.9991374437061094,108.7594081988667,37.214393392067215,5,1
1460,11686.296675800251,32051,0.023641910486221884,688,16.61918888768058,462.6527482446181,34.94162619735544,2,2
1461,41477.75814106723,491165,0.04592457914381902,20375,1.6612936194049184,345.7706764615992,78.89327014408356,4,0
1462,38255.305934647644,496375,0.040248666461984425,17377,1.771592368044763,423.46883317320226,67.83820997900973,3,0
1463,22805.53800445132,179553,0.025865633072395984,4970,5.307841530375711,79.78936293859519,37.875768493389685,5,1
1464,8980.394899372828,50876,0.026989700902023135,1258,8.349033740054663,459.6938279271055,29.299882844755622,2,2
1465,29134.655547536888,214987,0.027266192449042506,6404,5.057955270192412,173.1328099898514,47.29273986317224,6,1
1466,37156.06017467903,613882,0.03887117817048363,24272,1.4146015765094009,168.4134926388814,31.484528674012065,8,3
1467,34694.438075806036,340737,0.04562940499132463,13766,2.2674834004616184,392.7769562757515,83.1612927941469,4,0
1468,27398.762455985474,220433,0.02726842378280172,6773,4.594397312590491,206.52202460042713,33.81344163004162,6,1
1469,9048.845408357436,37021,0.020901808416209193,710,13.152877094117041,518.284615870589,27.251384239170797,2,2
1470,26016.634322430848,224927,0.02913371238886133,7428,4.190823988374132,161.50421285518567,28.66024023970219,5,1
1471,39039.57551106333,685202,0.04135213107902156,29233,1.3531667112861754,94.81247501894205,24.90535138545935,7,3
1472,10843.205032898783,68179,0.02512848629968452,1583,7.693844543259823,451.546210046211,28.48203945224564,3,2
1473,37711.323883063036,340014,0.04413626567510919,13272,2.264704629796353,386.5090008651682,70.83588362518587,4,0
1474,39435.317963353395,562158,0.03978725177765129,23462,1.7630067823020166,145.525756548808,22.175956994806867,6,3
1475,40174.27345161131,463908,0.04038275514020339,17224,2.095047494586743,347.65250041888305,81.08090495462206,2,0
1476,27177.084298555772,307889,0.02285271552456522,7879,3.972277729185773,181.2044423810144,43.8424154820347,5,1
1477,42405.196208930494,544304,0.040473780190313155,22664,1.8497917860430404,137.52647614807708,24.58053683965208,6,3
1478,25870.517476705965,217043,0.025311813637233258,6013,4.979451354479483,59.04532818679034,41.26570079491374,6,1
1479,29094.230594582066,162059,0.022712534677964052,4239,8.292528448831801,134.83681858342948,35.46936877474637,6,1
1480,36908.07167282959,575815,0.04075931723122363,23525,1.5455463438097492,168.44086251436713,18.1057017819015,7,3
1481,37662.60176791976,410789,0.039847872716491,17195,2.1028511457621253,103.53745563882889,21.421357458018782,7,3
1482,37103.07070980703,426963,0.04464845847941477,16342,2.202065516519375,324.76449095045285,74.5167176569852,3,0
1483,9050.25377959423,29708,0.02198167576488288,626,15.109308061508504,392.04981939126037,37.018080491100925,2,2
1484,37503.76088578121,477403,0.04262978201312002,20755,1.9027751067891583,117.58839885721396,17.40549216909093,6,3
1485,8593.45741503287,49627,0.020613925461800995,955,9.906974910899983,444.3635313478096,20.32381401698669,2,2
1486,38505.208583470885,604166,0.03804990841804464,23293,1.842065724772618,109.59633055391524,24.473254544289038,6,3
1487,38241.01813594524,502778,0.045724030808507614,20817,1.5270577690957958,351.6493407819347,69.32206988293319,3,0
1488,28507.62237705946,267889,0.02438865531896047,7334,4.438824439558905,157.8383003289194,34.76514665226366,7,1
1489,30053.238928454582,226259,0.022640271475450252,5616,5.430286222353452,191.9227236500145,32.83507797256265,6,1
1490,40583.97059370428,634294,0.04238413455016121,28535,1.3810408653539235,124.0849566023552,25.999398473941547,8,3
1491,34501.79229813392,424253,0.043681867654421676,19169,1.7626246487471098,118.75233960488676,9.553883531006017,7,3
1492,46448.39581777135,489036,0.036451961062124935,16033,2.36313133518433,402.6225031610664,79.9502374514413,3,0
1493,30552.729324496886,280529,0.03033777899896662,9125,3.774414991572815,95.92083449869894,48.69302083075031,4,1
1494,10635.988828126054,48851,0.01613080957993451,747,15.177353054365577,440.90060566565376,24.791582906395,3,2
1495,23904.959351687205,233754,0.02533359096437133,6446,4.361168186128664,130.83686063624447,34.71387943083567,6,1
1496,36130.90074713154,358356,0.04496511465654307,14499,2.023386743459357,357.7952963141114,86.42536953661516,4,0
1497,42749.506722661565,682149,0.041538899891893424,29138,1.4714438816347992,137.98772362427377,46.345508503451974,6,3
1498,35574.471123516545,412596,0.037895411172030234,13881,2.1339654112346556,386.98999840034685,84.75127301372282,3,0
1499,42193.566049888286,509267,0.04267433255016137,20137,1.6986864989273691,399.0653879228219,82.41148495177812,3,0
1500,37857.00099198556,436086,0.04303966885716417,16842,1.765944040315018,385.5519697533368,85.29102896541283,4,0
1501,10162.997494462697,56141,0.019241692290281467,1051,10.88036679022846,437.81019260089965,29.307110365985356,2,2
1502,30892.08126643454,308978,0.025968566387963063,8796,3.99615573694584,193.66078192189482,30.214946973289297,5,1
1503,8368.348251854452,47023,0.020457102609989078,854,9.358510974234708,446.42790589779025,26.414715938050794,3,2
1504,7537.940335020122,21130,0.020221356477957544,399,20.878848828419258,430.7612746443604,33.814519808244,2,2
1505,39770.67798513525,578972,0.0393915726654685,24149,1.6612648269031092,49.39239656887559,35.15152860411439,6,3
1506,33692.01054354964,423814,0.04265407193668818,15748,1.8026540136037676,376.85988541031344,80.3249247837524,3,0
1507,8568.813958756129,27825,0.019576875925454942,471,18.484636250086954,444.30827224232195,29.105314875953013,3,2
1508,38391.25578095601,393468,0.0407966573488041,14893,2.0755004711933913,341.3577878584091,78.00305777174505,3,0
1509,38293.7627025011,507565,0.04279898092064448,18978,1.669146595949889,329.3886330170475,85.57847391619389,3,0
1510,14664.13079274502,66469,0.018319823616956527,1105,14.313739459287218,453.70147345928103,27.10860929572293,4,2
1511,35208.7787664384,394127,0.042765530979401736,15121,1.815610422281988,318.2785617402559,88.2343021825944,2,0
1512,36086.64467665747,649434,0.047793773797831146,33491,1.0903636370570113,97.82248939897359,20.640175142318647,7,3
1513,12757.535568447407,76434,0.024544635903346736,1704,8.692132689102236,444.97309511094153,27.702230756266527,3,2
1514,27937.191769828238,241603,0.027819530897739482,7244,4.606126969582449,163.91062129809956,34.34454285704886,7,1
1515,28552.286470832194,237734,0.026619086232654937,7090,4.417259152939332,117.12366010506597,27.919817517164713,4,1
1516,36304.48416932071,459661,0.03877209331525701,18758,1.916517601825561,133.89720154426348,36.49355043544227,6,3
1517,28753.680994827835,198030,0.024034058864159914,5172,6.823506494729213,123.61221672026181,45.63580235159857,6,1
1518,9995.013751047589,36475,0.02103087815170354,735,15.508965371784349,450.135908223354,20.09810140212004,3,2
1519,36803.48023767389,514207,0.03868770112592976,19641,1.9716133908804252,66.1710909250147,22.599698531990562,6,3
1520,3245.545368854679,13526,0.018649382352001954,232,15.33759679141432,472.80781987929146,26.07789348749109,2,2
1521,24245.402824260877,247207,0.031419824280809125,8670,3.1754275220775336,171.6056297979333,44.668458467109105,5,1
1522,29774.14851200744,437588,0.04165600128209488,18847,1.5804799764980835,100.0110950588609,30.313444908171107,6,3
1523,35106.6667094467,442997,0.043813298360629124,16393,1.8504670373999563,330.2144169415971,61.523552266942886,2,0
1524,41203.2265859033,515071,0.03977815021715564,21138,1.924245235119708,129.83048515616017,13.7151585732205,8,3
1525,42932.38535115593,710986,0.03991012194898608,28867,1.5030680234630487,87.5348257254236,16.457349802977056,6,3
1526,42059.69543496058,592155,0.04283352205546861,26214,1.6046795372306357,206.85414033623437,33.4382328851401,6,3
1527,41831.174822955676,518849,0.03638020106988948,19429,2.1417293408907225,129.96332805157056,22.116306737617048,6,3
1528,44739.36682216043,433710,0.043666793308734526,16776,2.1931577381731753,384.36686185872327,76.34122977671964,3,0
1529,11362.759395439956,54930,0.021688140462577506,1144,9.766597152427975,499.70305990616157,21.092421881736705,2,2
1530,6842.845510482823,29601,0.01876993058084286,557,13.906966098517838,411.01605191842236,29.908255904429875,2,2
1531,40941.16085263647,594167,0.03950394471284798,23673,1.712047748470408,78.48226095346337,31.489886822065476,6,3
1532,38506.50086154144,455341,0.04520770715196847,18616,1.9152103618012342,398.35390400258365,80.6717592005344,3,0
1533,27340.40253107167,247204,0.03239233780022533,9167,3.2100060555133147,175.56555913898893,34.73876188942765,7,1
1534,10253.814126843794,53550,0.02152585758778259,1064,9.769581973893276,465.81682637961956,18.15615765203736,2,2
1535,14345.59125874534,74183,0.019462442551157012,1320,12.801225001668406,457.1199721907247,23.95559648924867,3,2
1536,5649.911955027298,27442,0.022094694407504785,565,10.25465689473144,488.16243686278636,32.56068614311747,2,2
1537,8258.524108178495,34592,0.018841933984278733,625,13.67408543834015,504.23313158192764,23.906167008735213,3,2
1538,29166.160098505145,258256,0.026012061658820536,7236,4.231147851156179,203.8851844927464,34.10973643363964,6,1
1539,35862.7607158899,362271,0.04003739944225715,12642,2.3534609128075683,386.7267089314482,80.18806389493444,3,0
1540,27556.722737082026,274206,0.02626126699188428,8149,3.8008562185337857,143.52352456610274,28.054552030245787,6,1
1541,39654.27206625308,466574,0.04530966560747918,19406,1.669511095138652,330.4668968086978,84.66288449962063,3,0
1542,27607.617533115033,225292,0.029371429570744297,7230,4.503666607890951,81.25852612897665,45.42683508677153,5,1
1543,29569.66346844534,250363,0.027110144745015156,7491,4.5649402428286665,147.37518810685143,39.02420957669338,6,1
1544,27706.231596458954,244700,0.027506504980880586,7785,4.062725067890786,106.241804009672,37.8094396250374,7,1
1545,40007.128199000384,349525,0.03810773674372018,11900,2.7458054824192306,378.31906242942466,76.83580319875357,4,0
1546,7752.725418292442,40889,0.0193296194455052,760,10.572340124321306,532.9058772082872,19.49193197015334,2,2
1547,10353.022980088399,75042,0.020469072132515743,1429,7.256138927499013,473.9769369299055,31.89758172849535,2,2
1548,27280.200789706505,267757,0.02219719780222397,6626,4.450740923230103,156.90302475445446,38.406494484421685,6,1
1549,43453.65111403444,723117,0.042939028156544184,31469,1.4432253621622748,114.80945426819996,28.982308735619576,7,3
1550,12420.537052745893,63323,0.02272175644298086,1335,9.427890677768856,462.37698906368837,22.461926244602097,1,2
1551,37322.2461416575,407467,0.03835408427834234,14014,2.294504590988757,426.372379554097,75.92044164488968,2,0
1552,41251.33677482115,429955,0.04403912147316402,16406,2.2663923982092835,390.1508196333828,80.46379755906521,3,0
1553,40289.34837715859,640571,0.044153484856249724,29680,1.373651190743511,111.88442921081503,22.509675596816077,7,3
1554,12023.070141015545,52739,0.0238071856360308,1209,10.093281337793302,510.1408675454539,27.59518294269104,1,2
1555,36729.829045850296,348606,0.041617432970725975,12879,2.6091603300051767,378.77082715065654,87.74956955001758,4,0
1556,30780.73532019772,216987,0.024916648376084986,6067,6.0148252454886,170.6938779901301,40.74540521185676,6,1
1557,35545.39849691705,390779,0.04499460099779655,15478,2.1200698546977192,406.90068921498334,60.536702177221294,4,0
1558,24552.6696169942,167826,0.030255520794524052,5695,4.930567382051156,207.4142706657126,32.924357876701116,5,1
1559,10755.584181457643,51201,0.019871983115700105,993,10.982567254992881,446.15654206172644,44.840114238173086,3,2
1560,10904.942332958904,64238,0.020704378856073367,1281,8.384167634824307,436.11328461098304,29.637136027149367,2,2
1561,42104.586855514484,448733,0.04236355885785806,16882,1.7927461701708827,364.70963643927865,81.87392350985382,3,0
1562,38408.1286723573,343302,0.04206255461584718,11635,2.7044041206763203,392.5874273487715,80.8609613604043,2,0
1563,41529.45756384515,529976,0.04248897165069484,20004,1.7488749567477766,389.84714751145987,86.02907765455099,3,0
1564,37095.353030167666,416327,0.04305714885169482,16665,1.9943953938467047,357.67978262084733,76.57304910699993,3,0
1565,24894.55670440899,175225,0.02890311481305407,5473,5.191711534558211,166.0479204519187,25.874677346131136,6,1
1566,6226.171743241954,35968,0.020817512106501953,710,9.269223196565774,465.1679756781086,26.219588382397298,2,2
1567,28969.34124895552,238888,0.02649555698727559,7354,4.649415755522734,157.94861236244748,37.51709411170232,7,1
1568,41465.422782213,477152,0.0425181956431113,18194,1.8708629752847956,444.61331648730265,81.43590685483673,3,0
1569,3996.057268732778,25394,0.020699105303817297,486,8.758625088996038,420.7879366603498,35.4132913949455,3,2
1570,37249.87020712525,517832,0.044007903240941476,20267,1.569832849704279,390.7692262092943,84.77618884555534,3,0
1571,40255.33049504359,516819,0.04182468532057994,19507,1.7802820022809498,455.3202775478188,78.3115768848148,3,0
1572,43717.60854675253,398542,0.04638352377186393,16642,2.1641440743343043,373.27100763606626,88.01114544837829,4,0
1573,9420.099097413207,38643,0.017825020486763883,652,14.342756241867203,579.0381671568124,12.183103130310064,2,2
1574,42419.0638734094,662697,0.044072704298230264,29503,1.5570271168286705,140.05180222565735,26.65891815593578,7,3
1575,41480.788294596634,446825,0.04347881456384536,20080,2.357812872174014,91.30681798131894,26.95199376491833,6,3
1576,40614.272878400225,647660,0.04641742194466558,30438,1.2150794883357252,69.96251937404983,18.618964636157422,7,3
1577,40399.315692244134,393834,0.04358555502661844,15442,2.1557425456272643,434.34638084025414,82.11608046653447,3,0
1578,9916.835773513654,25348,0.017398405884466426,413,25.810795404069026,458.0879753270806,15.608707847553733,2,2
1579,41028.32921577712,445978,0.041562638738134906,16893,2.0942929404421986,319.86026536053544,76.36354793831264,3,0
1580,38063.23794117699,415109,0.042568511786713885,16202,2.0215318904049315,341.5118513144891,64.43558443185984,2,0
1581,5646.395549501682,28999,0.0175458121282238,477,12.292678895738467,528.1066102008032,27.609694319836425,2,2
1582,29745.451179276297,167180,0.029102022162875336,5408,6.2489470345559335,164.76266313878133,47.95069646931812,8,1
1583,35826.20718963426,417004,0.046282260725350514,17099,1.8363808861526563,403.5691224218258,72.2443019296787,3,0
1584,40319.803751044834,625275,0.03306013157346313,21140,1.9176818353517058,69.12992825150903,44.49594581366659,7,3
1585,28829.546988816266,271636,0.026508972546751094,8046,4.137296975228257,125.2054337501542,40.48339972782612,6,1
1586,37632.71675304675,446775,0.045166644363898556,17463,1.8196899537885656,378.82069498765316,70.91701657532712,3,0
1587,10760.701979837459,41014,0.01957750047669177,748,14.813914696203081,425.1322950209236,22.062090811125096,2,2
1588,41851.165413628696,464774,0.045165394498483766,18862,1.9416767055875053,315.57388070167326,89.88093742962064,2,0
1589,38719.85271933487,627398,0.03994252906097986,25419,1.5900911115967413,176.01061739917617,19.789415552649956,6,3
1590,34411.59859754062,441304,0.040052950900047415,15790,1.8069909239881459,358.4392384182173,67.5448392503346,3,0
1591,38755.216729862404,441455,0.03974386535400365,15685,2.071977732198246,358.1159133230243,82.55549959896075,3,0
1592,29088.79558472384,222941,0.028800640353262387,7193,4.694945150495158,113.74576268694685,48.841096805446135,6,1
1593,10138.907514948587,39956,0.013414152197097712,495,22.84193948425623,443.7984687102166,27.101259808257723,2,2
1594,38562.300353877814,654319,0.03751991720828081,25826,1.5552881511572723,136.05428370183824,22.147516359008442,8,3
1595,11635.300729449198,28991,0.021096381341546844,608,19.670574986788782,474.544587922843,30.52447862539218,2,2
1596,30021.844826499306,196913,0.02182399996495603,4968,6.656493152953189,141.71169381169827,34.50485696603812,5,1
1597,26924.4091733331,219100,0.026994942346462318,6239,4.554580782062482,197.41140038450737,44.955804661437035,7,1
1598,32679.611130615493,267897,0.02895295927856255,8050,4.937965892405429,142.1332827170007,41.50746797642672,6,1
1599,29838.10881685628,159479,0.03078520142909095,5386,6.319459262730459,192.96511585551184,31.12851042070487,6,1
1600,39677.73258518855,577313,0.04069326132653754,23616,1.6329238823380245,125.6063003210442,28.397560727093506,7,3
1601,29098.83467093985,224325,0.02607487825136473,6451,5.314164361778289,178.98630586081663,41.119871713173694,6,1
1602,35873.96256355491,543316,0.038491686956784,21720,1.7838225404041221,115.64284019601166,33.174698010693085,7,3
1603,31137.80087151882,251224,0.026924824571935707,7515,4.5612294607416075,123.20536216685815,30.907819957837408,6,1
1604,13640.94581150869,59094,0.023934856786232292,1314,10.846833417444767,433.6259795672684,33.72829370099786,3,2
1605,39970.199913057295,618369,0.043133730477010725,27843,1.4041023957645602,99.88896262650559,29.284317256048357,7,3
1606,41535.829532939686,504381,0.037475096278268775,19633,2.108034007259105,102.44019735256535,20.652242483095023,7,3
1607,9140.623649044745,52183,0.01537789544168925,787,12.329141099899863,475.54229551509536,27.688091938185373,2,2
1608,25546.331020276008,192490,0.025270806650957142,5291,5.508372674189311,146.56158097467164,52.779915768811904,5,1
1609,29246.538969481204,245805,0.029522210070317773,8138,3.9074672597077806,267.96845324357326,48.485737963212586,5,1
1610,28331.428018960403,286877,0.029616968719157498,9147,3.517860833999755,163.90046929885946,26.182531512989815,6,1
1611,11434.448162263601,62735,0.01837628457886207,1077,12.881602861629808,470.940207478143,36.353418361341774,2,2
1612,37594.91185788253,423707,0.04235857518359467,16212,2.0764597093536206,369.68342771939706,84.47903843841831,2,0
1613,40956.19581503672,455886,0.044850503341151225,17696,2.0290647801112134,409.53091535721757,70.66376693998073,3,0
1614,37678.750761039635,603896,0.03953681695400312,24544,1.5539171899242346,77.25140262768673,13.764590178742178,8,3
1615,36489.18486468058,636211,0.04453591140860739,28948,1.379192107674602,165.58931031844904,13.761076056659554,8,3
1616,11023.412056956215,30600,0.019551786350088383,550,21.2749887905782,506.2698975366839,28.50977578728955,2,2
1617,11462.202997155364,38278,0.01881733363048795,670,19.584052168532175,528.4591536291529,29.267625900952254,2,2
1618,32284.32660308946,313463,0.026629356333530946,9484,3.688408488179355,169.63251030618116,49.25783002805607,6,1
1619,38265.05712221743,526046,0.043197854690018675,22510,1.7777581065014292,115.17838993766692,33.279387293820555,7,3
1620,34281.348373953064,459126,0.03958815157552267,18871,1.859008657349007,117.01213156231287,17.02796507424723,7,3
1621,12274.988292829436,53102,0.020505041397423516,1038,12.781648579393009,456.47357692952255,27.63749246631717,3,2
1622,37607.974628884,588248,0.03845181586157508,23190,1.6899655826427744,178.79205520042683,12.831482976642766,8,3
1623,39127.747444886714,458214,0.04384098772816516,17460,1.7515194579855526,380.205584116683,83.82325569950603,3,0
1624,38991.64449117859,367102,0.043950524157062125,14261,2.2564552052015747,299.34670247930126,72.12324057512663,2,0
1625,39537.477078366624,360972,0.041156260699563615,13679,2.5397283606310377,336.48669220856726,89.14768100959213,3,0
1626,9724.334254744126,36719,0.015437665291590352,523,19.11337904186989,447.2099567980618,30.208027225371115,2,2
1627,25748.789380487902,189500,0.02717880313496803,6007,4.682328424153352,145.53771516719868,27.295254619153326,5,1
1628,12128.747305826808,75622,0.02181216520937224,1531,8.097688269236537,501.0843745100797,15.204093669190117,2,2
1629,32111.62126501012,215199,0.025447815063229448,6133,6.157242235733461,128.08978528403662,28.447861741719677,6,1
1630,30027.49449979666,257127,0.027390151831570272,7606,4.7929480208241255,180.39880026072154,36.20606655566575,6,1
1631,29163.441511496687,321979,0.0266837299092217,9782,3.2612433840402955,172.28755952494447,40.02384666376989,5,1
1632,37451.1679451908,461325,0.04147706030727448,17664,1.7152395807954623,291.9701155919615,71.13801166826855,2,0
1633,10457.974564919985,47407,0.02307353148735964,1038,10.02908813714881,435.932544609115,26.711858404247728,3,2
1634,10131.100127778542,56618,0.019091460525179235,1038,9.966313722024484,439.37582551681805,27.238066835321913,3,2
1635,42761.659284899244,673390,0.04308002767988527,29936,1.396033167916529,171.1839677019593,20.222132586131437,7,3
1636,24263.275437538625,202301,0.02935698345752863,6670,4.100523658024595,202.71605779228156,33.39487915444689,5,1
1637,6770.399443663354,36732,0.020192084508655585,699,10.712952682987844,435.6856104580665,36.25249212486106,2,2
1638,39317.89313345984,489555,0.04038662982591202,17619,1.779332162232763,431.1115743215144,68.95874669319329,3,0
1639,35359.48328071887,372891,0.04076836068800856,13921,1.9996229007903383,386.50029856638434,89.9842677473673,2,0
1640,34420.62017164345,378713,0.0385466555498641,12673,2.2563711676229308,359.7087099530228,77.06258543565414,4,0
1641,11743.763566394278,61504,0.026497340087640674,1543,8.711709353531031,399.35382512664296,41.05002538258582,3,2
1642,37609.5517010829,384762,0.04414224555261289,15594,1.926222808499848,414.26394870550985,72.72550475111107,3,0
1643,30152.140447188267,314289,0.02424699260586877,8428,4.274334821568422,191.6900321952796,41.01200683181469,6,1
1644,37871.83524010118,375814,0.04036997142197217,13256,2.3655434999925773,365.02443165003507,71.92278744524778,4,0
1645,29064.318707898405,250743,0.02668841921535764,7601,4.3838012425980954,242.06665540283532,50.33182147868652,5,1
1646,39110.48228057866,553136,0.03683617237655744,22107,1.6916566819312921,87.8561595016869,26.776188703028005,6,3
1647,24311.326391447863,230479,0.03021922550442059,7727,3.5118495487860537,203.17736974602585,36.47351311531044,6,1
1648,24948.19778138579,209949,0.025563358240555542,5922,5.257955669693068,196.83128860792166,43.15451077230706,6,1
1649,41587.32642375959,718299,0.04737676178464443,35002,1.1157743956967863,147.11276377566574,35.896759446539974,7,3
1650,41730.144200815375,710744,0.03767063143865941,29038,1.504311575757421,139.53311693476314,21.47966102619235,7,3
1651,6701.653045401408,34530,0.018100172347912724,568,12.45044281536136,492.1277326019343,40.74072817311388,2,2
1652,9764.102673491467,19745,0.020339242714085253,375,29.581694957097355,409.72605547240966,30.390206627382703,3,2
1653,8926.073725738777,55215,0.01778498746331127,902,10.671205803125009,511.6710903376727,28.260002389413057,3,2
1654,33087.99967589333,491710,0.046122732745226026,23612,1.4674563310798148,100.46743191462112,26.394002124225075,7,3
1655,27613.528042343376,185214,0.026436839442300526,5490,5.665364406210874,159.09516556016752,49.4764188769518,5,1
1656,26808.01044137183,169177,0.026883338393409117,5003,6.289348943027952,179.20444076660814,31.070002870678504,7,1
1657,7167.776652206499,32197,0.02135111116843586,635,11.703363282180252,499.4440036505758,30.060617222718967,2,2
1658,37095.43947790988,497677,0.04587607209083959,23706,1.5304931294951323,107.01429324829392,35.671202691664135,8,3
1659,9315.702134279776,39724,0.01577865985765065,572,17.139210402864997,512.5625152458243,26.130949715792028,3,2
1660,39222.24221219595,354021,0.045850511641662685,14963,2.0460054571208492,402.7290315133326,86.87327668666205,3,0
1661,35727.86041998232,461255,0.04667883504034127,17861,1.6799563255981322,334.6911764495923,65.6113368385459,3,0
1662,37950.87709305839,536844,0.039894173482795135,21234,1.9291065736611974,122.50863065699342,33.15672408831617,6,3
1663,36867.677720683736,394484,0.03845581887850766,12827,2.5854246905661284,340.3351605559327,72.65715032845836,2,0
1664,35967.965243240666,444872,0.042272257986329206,16751,1.9541645161130796,378.74887260388755,61.521897965620845,2,0
1665,10735.314932483787,61728,0.017483569115571668,1043,10.04012263140996,509.50054365019764,23.583688846455267,3,2
1666,9478.32090366576,32761,0.021066584114732723,668,15.641802628963703,487.49243794700857,27.25444834106951,2,2
1667,33255.56482712677,233529,0.02712091129700491,7166,5.181222115403579,177.65926783187123,40.51502252155482,7,1
1668,35534.64315122806,445674,0.04003630742965659,19262,1.727834098024717,73.28865516741139,31.59925372920395,8,3
1669,29847.00997821759,227115,0.027609479987190787,6890,4.7072560961495045,134.22881217839762,49.893843699548654,7,1
1670,39259.44327167037,512687,0.037483165969351494,19992,2.0835897371663967,78.66589793995531,20.75623950262967,6,3
1671,39753.08245977395,505091,0.04494754145527757,23052,1.7423442497627493,156.8772625691747,30.427588244114677,7,3
1672,33890.47440278692,216483,0.029430002091020903,7197,5.552304290056852,186.83240430377967,39.3373706307442,5,1
1673,38972.23022712853,598401,0.034927542366454664,21838,1.9534660534888832,105.05080425218777,29.343542830849657,7,3
1674,35821.49498537669,535633,0.037886907125723575,20828,1.8162901836189467,126.1994834507196,19.105926639987185,8,3
1675,27292.321566180533,309161,0.0300591087101873,10178,3.1244687498544357,186.7718967068444,40.40477788632277,7,1
1676,37687.97850521442,401294,0.04532127448296839,16357,2.167477190245933,473.48181995957964,84.3661751023739,2,0
1677,26899.58812469633,249600,0.02412083183643801,6533,4.467350291015048,141.0876113127515,32.450863975098684,6,1
1678,40603.15199691722,572810,0.03894907682681231,23092,1.7401093194383566,81.96709506090603,34.22572373635252,7,3
1679,34358.00731617571,391025,0.04293124928421008,15340,1.9087283752697928,367.3935579987926,76.06187421793776,4,0
1680,42195.22149135791,723053,0.03872091312398177,28377,1.5820114667551803,66.51436599457779,26.815142483347582,8,3
1681,37260.10875635791,516022,0.03816557269695933,19674,1.9059353258139657,174.01929688267106,24.901052989795097,7,3
1682,29285.35005884969,318767,0.02974065887336915,10242,3.6228025478533414,166.8275694681642,41.85055184365643,5,1
1683,29954.86494301406,258290,0.027848416519409273,8023,4.221745453103763,235.00436697442595,50.776190401986234,7,1
1684,40222.65444163733,494987,0.04145234303914603,18360,1.8660377924327372,317.2048858931821,89.12754476114438,3,0
1685,38393.54921845729,474118,0.04167174258677145,18028,1.9474267333158866,402.88433127796185,68.91186379755534,3,0
1686,40631.83341631866,459746,0.04456488669990333,18181,1.9730447225640726,414.6242388605736,86.16802899196327,2,0
1687,41806.48889171372,417355,0.040574278181742175,14743,2.3007516754710786,344.9665209419515,75.95151846602103,3,0
1688,29437.58791888448,214777,0.027370308740142665,6054,5.772335256220869,224.4362270200701,48.84323725661035,6,1
1689,29337.18751825615,192159,0.027397636251816654,5736,6.373074861370657,152.42494632729768,47.35759947108917,7,1
1690,23094.0475047229,268640,0.023462341660342872,6926,3.948938981314595,146.57563609877948,32.71517032759138,6,1
1691,3755.755766554062,27172,0.015894311700377483,414,9.784373617677947,439.64843429044276,30.24707959855015,4,2
1692,42888.384051297035,330398,0.04349610838224899,13027,2.674280083477524,389.9231866435268,84.1834557193633,2,0
1693,40424.51733431121,606284,0.03940151711416198,23679,1.7783813673834765,123.9270856809702,32.117587432384205,6,3
1694,40262.095380329665,545324,0.03926824887409423,18772,1.8364543300099354,406.8491874244898,62.606492434404196,4,0
1695,37628.64421663036,435667,0.03907834611516532,15663,1.9927413747060096,367.41475704765116,89.85827561794137,2,0
1696,27909.29826206544,189862,0.026879389343304846,5890,5.510270023321735,112.25659527984823,48.28899068407046,6,1
1697,30940.955873713843,173672,0.02369614874237065,4487,8.119432888464502,118.61738457856087,37.83833614826835,7,1
1698,10246.328956960491,53677,0.01666912804193296,876,13.10874046905135,482.07308298798773,32.71110576567421,2,2
1699,33281.78581047098,419942,0.03867547080955497,16812,2.1241787498866653,61.752000493942596,20.18562600510805,7,3
1700,13210.81760152359,60216,0.021438767018190835,1224,11.005348631075545,476.6953747194352,26.830586487288922,2,2
1701,9089.39579693666,69608,0.022869276374281766,1481,6.230782178291007,478.4346464774935,25.866602680140936,2,2
1702,39093.53174311473,620504,0.04006732454099436,25835,1.594920332718047,111.13439198975028,36.235759547321486,6,3
1703,35472.199904816895,395992,0.04411860330416943,15723,2.084233059251307,325.50177201430773,66.41549416562032,3,0
1704,37239.51094914325,406926,0.04230351770079525,14931,2.0871014912672274,403.46542939338804,77.34520025236422,4,0
1705,40372.94083664364,624817,0.04061094213072463,27178,1.4821034528818626,109.24152842950544,33.92905273095729,7,3
1706,27210.18374080512,153200,0.02833480059847869,4789,6.817707234729372,152.88944775759617,26.630368941733185,5,1
1707,24933.827192833713,227789,0.027415704627461054,6754,4.354221329176579,87.38584502413215,36.695928576500805,7,1
1708,26231.154274421307,181876,0.027994548134998742,5721,5.084541487882033,73.61301419187524,45.655172347726634,4,1
1709,35893.50190588073,576421,0.044415119876478164,27471,1.2805304210788715,159.087697474716,26.189719380935273,7,3
1710,12093.869281501567,43027,0.021327705483894937,865,14.835554074867954,396.7446710135749,36.8326501180211,1,2
1711,40871.94996555799,592231,0.039393293543799265,23735,1.6868237573482854,134.9828201086919,11.99527806461288,6,3
1712,42693.51480585053,601668,0.04233755145710192,26503,1.6404492661616639,89.97570073471721,29.33702954489852,7,3
1713,38767.408767972316,537549,0.03808293510004331,20544,1.9371696002035415,54.34320701730102,36.76472604630656,7,3
1714,37769.53531743365,579668,0.042793771408530724,25577,1.6549602138955948,123.96428319736414,29.56860487269328,6,3
1715,30865.577751401182,256963,0.027361940437211803,7913,4.378564392353453,200.37581599895466,36.876455818325695,6,1
1716,25188.44489332641,188167,0.029959905683500626,6284,5.1356081995516645,149.3433131990227,35.151204868312,5,1
1717,5348.310097046652,25825,0.02716453614438405,646,9.020917680415243,454.0758344431958,26.533425049135733,3,2
1718,41401.432705721876,359745,0.04263845918535847,13046,2.905023323430132,358.54455266662785,75.20643501289864,2,0
1719,7006.504950709648,32694,0.021848172201621874,697,10.21088911996294,416.3110811663452,6.830855064449567,2,2
1720,38018.95781391807,452222,0.043290463431977066,18752,1.4886764052869215,388.7419628057551,77.62545570856926,3,0
1721,28830.431398958906,255795,0.027423569709194802,8100,4.188143672630978,140.6470547225484,40.82493637029214,6,1
1722,36798.16241082035,384785,0.04630998488404621,15759,1.9940965927570165,403.23014659055895,84.48704659248027,2,0
1723,38931.65831120851,598017,0.03773250630611641,23228,1.6865229711014358,163.66274178464857,27.142968291883474,7,3
1724,34604.91307231145,444808,0.04569839120673191,18027,1.5079268985238554,426.30096070506653,80.5019552469564,3,0
1725,27904.604674455477,201721,0.025673884487181838,5628,6.1757727474309405,181.68285374482974,44.30746664009807,6,1
1726,35882.83365993242,504287,0.042069979558866544,19022,1.4104523333564776,456.60454981313677,66.63997121218675,2,0
1727,8926.659128826286,36350,0.019792468286760304,681,15.513932805332837,413.495462239537,31.484532646799128,2,2
1728,13485.760282072088,56631,0.02197916539414911,1176,12.826387914365993,385.0225763710408,33.575773028537895,2,2
1729,31181.116460378038,348090,0.04155033517877496,13513,2.0149045838242547,349.2378663946876,76.79395325357218,3,0
1730,34919.28257996909,494666,0.042983794282875895,22083,1.6171666533180409,97.75815954287047,28.211160003448082,7,3
1731,18779.30979535426,63537,0.02128028710728545,1273,16.647933819516204,472.7159458384333,27.38755884682242,2,2
1732,38648.11536086264,405766,0.04409820879920907,16162,2.071229216235852,407.37272379891255,88.35862247278044,3,0
1733,13933.624151658356,65773,0.017515965189243452,1029,14.60453603635986,483.61469754813766,23.23765733295285,1,2
1734,30380.58266048777,198005,0.024292023804659724,5404,6.7543631708478316,123.96464052813424,47.289177382155295,6,1
1735,25754.00114052326,207422,0.028681616702206376,6829,4.129494837351171,129.61016475269162,34.74546629391634,6,1
1736,10466.46417167746,52512,0.018978950684648662,955,11.911373289286585,426.8034875491769,27.663066559802648,3,2
1737,10791.194447523503,41569,0.019388546163876287,758,14.039705946091692,454.70027712291176,27.64019064242796,2,2
1738,7032.4371384805145,23851,0.017756981755695615,402,18.002540979228392,464.2182976521676,25.509355595516357,2,2
1739,25152.56136238212,154770,0.02745539012967138,4802,6.204714737566656,196.96890550665356,41.8849635020547,6,1
1740,4398.798732246944,26676,0.022275567239415914,575,7.57441742347884,513.4887759866159,25.747311842460924,2,2
1741,1000.0,6875,0.015280935878697773,99,10.973288103569072,457.18864784781897,41.66851302972252,2,2
1742,35746.76967477583,436592,0.040206063465131975,15982,1.7948850718012759,370.28062272592126,74.59297154468608,3,0
1743,37061.67081198387,593545,0.046117872107722856,28504,1.3412882330462312,186.0794637770835,26.084255723291605,7,3
1744,41836.01292231831,605469,0.040843939340408565,24860,1.7682423170364565,108.52606552799546,34.66453827852549,7,3
1745,40173.11700753279,523848,0.04274599850749897,20746,1.8739982792203111,323.5361478762474,71.35452942262374,3,0
1746,38427.5093616831,435837,0.03677006769731027,16754,2.289266969093248,99.78229700267448,17.870919852990358,8,3
1747,41111.877702457095,566454,0.03725058682873815,22565,1.949442505231583,93.48572781790598,31.477852910044962,7,3
1748,26473.137470764454,222830,0.024562563908488495,6038,5.022101921653449,93.08461072324539,40.207112421746785,7,1
1749,32037.878106514094,266587,0.025529695636667595,7823,4.899434183923249,144.05190143210527,39.64581573749996,7,1
1750,27181.615120380993,211158,0.026670107424290344,6229,5.260563340835755,138.7158749420978,33.527098747345974,6,1
1751,11109.02480201679,64228,0.022387324773146255,1364,8.318198466752994,402.00434982576917,27.3093438874752,3,2
1752,38367.67599201594,469095,0.0443340357398549,18188,1.8447767366293026,385.13537353040573,81.98653684202628,3,0
1753,3826.3390595357855,18780,0.012539145143284221,223,18.408892374100304,563.511147879241,48.16461596049811,1,2
1754,26965.941244181824,220568,0.029915368153636247,6971,4.338683959896289,146.51090190231918,43.94554774213121,7,1
1755,36430.07301047909,576873,0.04420336436399923,26497,1.4223981336797207,136.00507254428786,38.888853281092906,7,3
1756,36170.486456961655,418279,0.04536480279389979,17191,1.6667465714273804,318.14706103021416,81.1535933656723,3,0
1757,38426.16989583573,575389,0.042184789161980166,24797,1.6510769716067186,113.81200233316358,43.70191239823543,7,3
1758,6424.5782527214815,22212,0.019475527010786052,406,18.341930416598654,426.35815315975105,30.540249272673243,2,2
1759,9958.508514943847,40908,0.0221309696965082,866,13.164819766755633,484.42860633371106,30.62890536710109,2,2
1760,36273.994868160706,322345,0.02803403199596803,9906,4.127418807575598,106.455527075461,38.735251911218654,5,1
1761,38958.142070773705,590739,0.04350121552863184,26649,1.4076557053768295,102.6309008458918,28.236835513265028,7,3
1762,38472.6656217572,721470,0.04066781489026223,30910,1.2176830073297837,141.5529226112967,26.229890266528997,7,3
1763,43396.700839443314,635736,0.03969634300723256,27397,1.5443652226073274,165.0138833458117,39.75007636998908,6,3
1764,28307.151341548855,219093,0.027899067280211666,6769,4.740646359876909,139.77624575647877,41.8533644096427,7,1
1765,8764.552682852212,24915,0.022290012735943165,534,18.303282813466797,479.8573713961221,35.27408214359159,2,2
1766,30989.467420389934,192272,0.029726402987369227,6354,5.575376004296919,165.13211698919758,41.33156306921985,5,1
1767,29309.728929245895,216154,0.022968317199079574,5509,5.714744980148807,184.24049305689047,51.78666630157891,7,1
1768,38912.113267287205,323321,0.03949902739011634,11767,3.1980037333251965,320.6218401071252,88.48975114987367,2,0
1769,39066.9800052872,455716,0.039775205471700936,16775,1.861344755130588,398.85444961238574,74.90582903618628,4,0
1770,36505.10694617307,509601,0.043510681864109384,22408,1.6785959214671102,56.192077697541755,25.62568295740747,6,3
1771,12583.40047566762,92432,0.01797123692149237,1653,8.447716831332542,439.18443643992316,32.474314797340114,1,2
1772,29492.644216243167,228030,0.027781123230786693,6963,5.113894288511031,133.4608936374138,31.267730632330203,5,1
1773,37215.44463040175,565600,0.04227622739132929,25377,1.5184126749843396,88.66581698072672,28.100825606970766,6,3
1774,37569.28864429066,405586,0.04304883625271647,15122,2.1293486106436563,378.2076750798365,72.82654979055513,2,0
1775,36391.05178913411,482923,0.043264263460609326,20668,1.6502084907157395,136.48982591941015,11.573384104503216,7,3
1776,38239.12979906892,496127,0.03940465008437411,19722,1.7901501444568284,148.66709555159858,34.293093377354424,7,3
1777,38683.31989780498,415052,0.04678175433336237,17103,1.9512386590243322,341.9546486201039,75.29634301388455,2,0
1778,29466.183939274124,254407,0.026422634996263662,7645,4.42417007037001,219.0980829192411,19.441290037291747,5,1
1779,7089.585190853799,27958,0.01790754821318917,476,16.85219843099625,455.28940099059173,29.328095947150118,2,2
1780,32812.88103548723,507229,0.04082021168983481,20892,1.5736224698791974,155.80226391034526,28.19740338728146,7,3
1781,16547.878425213174,101681,0.016003262335128898,1505,11.66490504593148,446.2571092298935,32.34235495529075,2,2
1782,38464.63561267201,419663,0.04511328262880959,17171,2.015084758182543,451.380465508565,77.11713986312083,2,0
1783,43601.33547966479,671976,0.04284122390371717,30800,1.443116422644635,145.80959927771087,24.3188217904185,7,3
1784,32146.585887975652,260873,0.022662501394619165,6600,5.646373278548114,171.44078895886878,29.318057510576505,6,1
1785,37382.1410690844,452334,0.04575001153576388,18705,1.7841323669605604,438.61803661777316,72.40154678698518,2,0
1786,24564.282382269317,187806,0.025403832225738575,5348,5.292241192509458,126.89027568676795,37.78799551233269,5,1
1787,27855.00027366953,259893,0.030110151967288702,8624,3.6862372684683957,71.08928110042078,31.8955252392399,7,1
1788,26670.52501042448,183315,0.030960554564221157,6303,4.454717484373669,88.3216738927159,48.46803990308426,6,1
1789,37874.595362610446,491633,0.04011180467073241,18025,1.7178580609570915,338.8918017629154,72.14491151963074,3,0
1790,39297.938079819345,343792,0.04193070994171707,12477,2.4647732308308,379.5368128970254,77.59548894750432,3,0
1791,39761.95979837503,491957,0.04617627457205228,19543,1.770770422473803,406.7727742996931,70.39286303307384,2,0
1792,38061.048807414445,386476,0.04306857174226411,13942,2.541221500063349,441.6167790094879,72.97808445811651,3,0
1793,26499.100711437477,259598,0.02672213254418776,7500,3.845738412948993,154.51935917449518,43.04760310088888,5,1
1794,42251.14304996597,440818,0.038087348645787354,15844,2.3407341421904806,400.53413392780146,76.92690040671305,2,0
1795,5845.0483895082325,22920,0.021176701278691076,458,13.931833222241123,466.7446560715513,25.7985895699135,1,2
1796,29909.972711651124,299433,0.030707874806178828,10338,3.3812576705021047,166.74853664982908,38.993183231976595,5,1
1797,7742.789990377406,40398,0.020557025561261984,763,10.631393634073799,407.6449691466408,33.3507834590632,2,2
1798,12052.493024666162,56582,0.0222110358006173,1168,10.588519994397437,446.61313421490496,26.15594112732098,2,2
1799,36535.1782808173,481933,0.04249822787236437,18028,1.6570648439675015,422.9064084043214,79.53921138941924,2,0
1800,38653.55482769382,624298,0.04110616041243324,26563,1.4004511089351637,63.410285027146685,27.84830414003825,7,3
1801,13110.5228488425,59113,0.02331075629557469,1318,9.927448361486453,448.0557960298288,32.50959300069531,2,2
1802,28178.136489128472,291482,0.031188534121479587,10267,3.0010283220073948,62.002069526197566,39.61046027608554,6,1
1803,37374.380916285,413880,0.04260445494381907,15933,2.0938702274377086,393.0014676657391,79.43928430902012,2,0
1804,31717.62640008731,211505,0.01892509787075914,4502,7.4224352065050505,187.74789897981202,49.374723008099586,5,1
1805,39563.34693997072,476806,0.03730980652251958,18487,2.2290545537542674,96.39270145718767,32.29977251008351,6,3
1806,37969.272847827866,454185,0.03963129128218005,15491,1.8017393117577138,472.1263179829042,73.57380754793053,4,0
1807,41373.28579779866,688926,0.03398663151545169,24644,1.7517325909285255,106.63205643853192,27.99936867945656,7,3
1808,36489.85025265822,490329,0.04461668025337209,19995,1.4311448452208217,279.9391597787931,85.41337869835723,1,0
1809,41091.129900664644,489349,0.04083602576104779,17971,1.8663731539636423,393.2040879070268,73.75996828398128,2,0
1810,41878.925052080616,411873,0.040030599906033186,14637,2.5245736187099603,360.5451221709595,67.95812573420442,3,0
1811,35677.29726506709,465830,0.04028849523225637,19663,1.7231529837244435,48.28280813972114,23.586394542594032,6,3
1812,40716.01388979421,621922,0.04245379851976604,28244,1.5630792705063603,106.6859999355189,33.23787011675533,7,3
1813,30430.886503294558,226034,0.027571136113830087,7013,5.256035728255435,126.94635915389485,33.503202947781375,7,1
1814,36110.90225425298,528136,0.04157678051970479,19044,1.70164955925435,377.58797282925104,79.85466798192328,3,0
1815,32091.786225274052,296055,0.02380211236724028,7870,4.711425428481323,153.28445717481742,32.134661603085554,6,1
1816,11591.388939275113,28914,0.02190080948019954,598,20.976326914610386,472.93569864098174,28.39201508873281,2,2
1817,41056.42115027367,589573,0.0428449124683631,25505,1.584291927677938,53.50967499982702,22.18981510416291,7,3
1818,35748.22778747097,486528,0.036288411126125804,18544,1.8595582557002899,132.84274377086598,36.71132415408974,7,3
1819,40785.583454933374,459190,0.04032833825599979,16445,2.063451483849526,360.60325443662407,82.51024489758167,3,0
1820,37639.57266132564,483325,0.040916349456739456,16906,1.940736978756642,404.90830017803125,73.19133221398475,2,0
1821,1672.593861212355,8564,0.016600626152208704,133,13.627207364969705,495.3749675795765,21.320477702104128,2,2
1822,10513.196881473023,58599,0.015828719897765978,850,13.41613716953327,501.40741159362943,23.615179771503357,3,2
1823,9440.046507817999,43146,0.027104316247293397,1105,9.21228322892979,544.9866650810196,40.77271022976893,2,2
1824,37779.00002478868,604409,0.03284589951630729,20550,1.8012773239225504,133.09664899356133,19.552855498174477,7,3
1825,6787.613168416347,29223,0.016360128249513002,467,15.294259147230916,468.40041332585463,23.72076859906608,2,2
1826,37562.84407546162,586026,0.042037344620248586,25575,1.4858802440174228,193.29011666469358,22.55718850905364,7,3
1827,40368.758111333154,463479,0.044420177367084875,17868,2.018151906684515,353.0986793915432,68.76204484367729,3,0
1828,30483.179456961956,186230,0.025479886895104945,5521,6.45834302345636,120.52005476226898,33.1896993294526,5,1
1829,27150.133206053295,204337,0.027263086203605708,6136,5.165963735127604,192.74707848578203,47.49740403502006,7,1
1830,34228.35669069001,310994,0.04224408512726052,11974,2.215680103125404,313.95329819903577,86.25714230355311,2,0
1831,11657.01407250623,79510,0.020861788025744024,1550,8.431432907963504,488.1222928689911,38.490376952388715,3,2
1832,37393.52575322799,402205,0.040615843105196794,16082,2.2449314225245685,118.84961828513023,54.42162783494568,7,3
1833,39974.25044830421,543674,0.04224932630197174,21189,1.6847268365596897,365.05521261998456,75.90261272238894,4,0
1834,36852.93194679442,500975,0.037629233875220665,20217,1.8864244050340482,198.96938150991824,13.269493400474936,7,3
1835,10101.226672638697,39487,0.021468590800181573,780,13.768650543102801,484.18847312824454,34.02435543557446,2,2
1836,29205.36814944425,211665,0.025409646315395946,5979,5.2307906683332615,169.46734146334967,38.357818109996785,6,1
1837,35483.56614938624,573146,0.04346894454190546,25487,1.3831520874901992,92.91300773435998,36.01104811384877,7,3
1838,7650.150686291986,35821,0.02035434398187195,734,12.506941398568795,462.3977821883282,34.441702589282436,2,2
1839,42135.83091989261,665968,0.039338070138191156,26439,1.692508172235772,71.32995852574176,13.190372872787004,6,3
1840,39047.55206836899,583760,0.03792488003649992,23294,1.6656613754858536,69.22179506215463,31.43470067159334,7,3
1841,31744.53245406587,208396,0.028465046222967423,6791,5.564535660940995,178.01831199022422,36.39370970880381,6,1
1842,10305.224306376942,48421,0.01998905623923001,954,12.526751915834595,421.67021558007366,40.339449010354485,2,2
1843,25287.83443410733,187386,0.02952168488732028,6208,4.84372794988445,192.24496291615816,40.358438309642466,7,1
1844,27815.02961100475,228037,0.025055276474267172,6497,4.825569505692319,157.84202370966742,31.190466133408563,6,1
1845,39103.921011792154,438206,0.03879825434828566,15597,2.218095292077869,384.91094063134784,63.99904503168232,4,0
1846,38613.53625281158,635017,0.0400492430401489,25360,1.5468200629704691,102.14774647902159,29.890830963565733,6,3
1847,28931.17413489879,129100,0.029214853224225124,4038,8.172292514465719,147.40581140562546,49.659236580330536,6,1
1848,7761.967976161323,3285,0.022922476284753572,71,113.17861944840928,472.56046406568055,34.87420445194835,2,2
1849,36649.39334142889,557893,0.041100364944401266,23506,1.5328072419218324,119.37706315322399,32.26499800481945,6,3
1850,42272.272251860915,532623,0.041307016041676255,19157,1.9163396147601275,375.8258094482865,71.09209177390252,3,0
1851,35843.60416351324,333359,0.042931047178722474,12783,2.552520873471612,346.5809692328709,72.4151161919385,2,0
1852,38199.23389520568,403428,0.04115889955188783,13956,2.1120247334072815,440.37696764568216,76.67670913881854,4,0
1853,36899.66932859619,508106,0.040498242776366905,21275,1.6390611229723493,185.88558608842285,29.31687394175589,7,3
1854,7518.3203702636865,43635,0.021930090199394077,964,8.554983917571942,420.32766586708067,26.478038934945292,2,2
1855,39882.58824347834,454646,0.03768185089301966,14987,2.218493484979697,350.8295733752778,79.45823214954717,3,0
1856,37158.34068278996,563112,0.038711684123120114,22308,1.7132706715264703,112.7439657230716,15.25848076383481,7,3
1857,10944.743418584001,68685,0.017550022777170802,1172,9.800262569833823,420.94314790546855,31.731590222288176,3,2
1858,28493.47859077341,225203,0.02364434742531208,5731,5.788846258237376,232.47279612012412,43.86911549297231,6,1
1859,38699.91111434734,429301,0.04522872285487359,17431,1.8391423284225874,347.95739718771017,81.00799752942196,3,0
1860,8185.677363271458,49458,0.021500722127171686,1000,8.525027584963185,561.3319796482293,26.6598757689514,2,2
1861,27527.486351786196,209929,0.026667659948968747,6180,5.516010986110433,164.59797646547943,30.312150976195184,6,1
1862,33680.70072113932,337553,0.03889962587448672,12042,2.35086122449768,402.9321974723731,82.11977142868754,3,0
1863,38782.86799774949,535990,0.040229937532650056,21587,1.7995580358310754,166.99409327966382,13.506116636187846,6,3
1864,31079.814519551215,275427,0.027035823222218168,8310,4.413246772379288,148.26506819390218,30.399469252974814,6,1
1865,39529.69161763476,487259,0.038263609462119645,19270,2.0558959982598823,136.52125559109547,19.769150220110195,7,3
1866,14869.608988980981,60674,0.022349451717417233,1299,12.877545664959126,390.50300247718775,29.788540633384606,3,2
1867,26831.133940305645,188008,0.024511280875387127,5193,6.033669165678366,118.94608350472365,36.35876133327922,5,1
1868,33590.12876048201,447341,0.041555678832163406,18900,1.668040514165742,165.2534951524372,23.585928477962256,7,3
1869,38849.08923915271,459098,0.04393810465399892,18238,1.7188365464229471,353.5575664736936,64.87426224142729,4,0
1870,12164.172374211157,49941,0.020624432778208468,941,14.530667909214724,457.06534490476395,28.517500505572446,2,2
1871,40229.49247098113,562283,0.04285129724135343,25772,1.6789834149000582,90.72010075886308,23.83906044795745,7,3
1872,32061.164859259236,233184,0.02734334509549976,7070,5.114930541265506,181.9786060585881,38.01165722932278,7,1
1873,25765.261664147558,203731,0.029282897327220052,6771,4.693774977488569,123.42574280322846,8.236449674735383,6,1
1874,27288.47447019937,251490,0.027445929749805052,7724,4.084657024042524,198.67829115208923,35.11346903209338,6,1
1875,41761.3476878558,364106,0.03995662028302143,13495,2.5772617301794782,371.2547945174635,79.5702039031347,3,0
1876,37933.607894336776,650405,0.036300156339229166,24116,1.6743124515071934,92.24074827383394,25.08727224823352,7,3
1877,12238.97333764679,39011,0.019941880198254755,734,18.70193045420066,442.32824857770066,18.373452285874293,2,2
1878,39953.36197187463,621111,0.04403283322081806,28674,1.2532151749361036,145.02131359210503,8.473899777656971,7,3
1879,8573.534726764254,27109,0.020783312386803216,531,16.751806769985023,484.3540303238022,31.772766580254704,2,2
1880,37898.775031228506,555795,0.04098313902758098,23405,1.72583410780836,145.3600902690099,20.409193411661704,8,3
1881,12029.695990527955,55165,0.02216801922773214,1091,12.937845508382347,393.43576010307976,29.580607532208152,2,2
1882,42995.55561658298,634992,0.040318386124284185,25049,1.56814323851357,48.841143817853336,25.20935586614938,6,3
1883,25806.892039754075,290031,0.02638442910475198,8134,3.6746173587324034,115.9014698248398,46.47150529669256,6,1
1884,11589.389196085902,22771,0.019702052785910446,403,31.37136725037365,399.4956227722104,27.03736512632771,2,2
1885,37107.75402896851,617666,0.04511696329072188,29328,1.27623826657789,131.72863489053574,25.51535699424855,6,3
1886,10963.97676634933,67326,0.023995871100817846,1503,7.469396900210445,483.8605694016146,25.454940697917213,2,2
1887,9625.142680135896,28971,0.018294973456869756,492,19.994303124616955,380.9372614536848,27.731560644103777,3,2
1888,38260.65941408478,389565,0.04401332328499066,16186,1.947950570926288,351.98131822455923,75.90057005770956,3,0
1889,5762.1567192793345,27637,0.01922795705065243,511,12.57489847125871,484.158786875607,35.409663041862906,2,2
1890,41770.4649528288,472728,0.0429868711745847,18955,1.8510008358331234,352.427364501785,79.11647133523635,1,0
1891,38870.808852013506,516404,0.03846947342259068,19830,2.1375739962670286,87.88640255469397,30.547263098253158,6,3
1892,40263.80319846656,488516,0.040935898420289635,18905,1.7026833351392345,398.95344784517965,71.9986135825325,3,0
1893,9413.461255320908,55455,0.02067086762482122,1055,9.46723326392915,420.2988038594751,17.912487966343143,2,2
1894,39448.26616579408,564585,0.04236405563752136,21744,1.5402738317407125,396.862811983677,72.270237380971,3,0
1895,40931.11029437966,582610,0.04238789657187535,27132,1.626024556851855,82.60602125911178,22.336037218450404,8,3
1896,38938.88863696793,469902,0.04235626572214606,17887,1.7507118772414096,342.0262229232728,80.97564714278005,3,0
1897,39785.11213238976,500663,0.041075670657041034,19219,1.5536265567258132,349.7207892946045,85.1271825312228,3,0
1898,8825.578934073,20928,0.020642372701256653,404,24.544383140069392,434.1098009779333,25.98465387220988,3,2
1899,24872.54372406147,166679,0.02807148487294426,5085,5.619430969990676,155.26342935666156,50.072787626048566,6,1
1900,36885.53452748983,400048,0.04240575448978478,15130,2.0497553598612486,373.1891727572415,81.40347375378383,3,0
1901,8824.895564383933,57212,0.017109908784107078,926,10.945187142815652,398.7690632185846,24.437136400897234,2,2
1902,12662.173249371568,32295,0.01736130849548123,532,27.659439528535838,454.2598625493539,28.594906116708195,1,2
1903,30173.875652927985,226934,0.025900799545760828,6559,5.167570103834781,157.46790454043716,37.958851026272306,6,1
1904,29932.40652040262,207362,0.02379791179894531,5571,6.07660251611109,221.45606764379554,38.54428172830556,5,1
1905,7597.469190063253,48263,0.023106409452019215,1051,7.867754010156576,482.7220568295437,19.473619276283692,3,2
1906,29686.936281070524,248530,0.024245190295971573,6747,5.108278052246644,158.96548443145167,41.38161777287939,5,1
1907,46532.279380693675,494283,0.042127005174391025,17857,2.2890261708559883,322.4038650852811,66.14964867911806,3,0
1908,11863.345273132272,53489,0.02013883292886118,1036,11.405786673976353,431.2269155423728,32.0217202014299,2,2
1909,11465.853443131733,21312,0.024353212749036082,484,26.21806095432432,443.9337572397212,32.945801299182364,2,2
1910,35455.28425957929,444253,0.04247828815316653,19003,1.8511492656852007,116.17543602783877,27.844139020062585,6,3
1911,30739.273881800134,282182,0.0296332759534461,9352,3.7175647831441063,170.11804703954346,38.888318014682824,5,1
1912,11114.724997711364,63594,0.015978286555204425,958,12.155645325110378,451.11555072910755,28.309649040890605,3,2
1913,11020.560981668046,42584,0.019491784326143628,774,15.465584849197617,450.44742942332954,34.92351262316684,3,2
1914,28970.26660712681,237499,0.023455163287270844,6103,5.078124987538202,157.63566102472487,36.857742048706456,6,1
1915,38429.66511442007,522922,0.03924491498071118,18512,1.64588515801342,414.90564080087904,84.58075637697888,3,0
1916,33162.97058193243,472437,0.03872990774558627,19361,1.7077917503748457,122.4028405668762,33.78383876843806,7,3
1917,9809.440220858802,48456,0.018884988265343017,915,11.790522750261553,444.71763497997125,31.59682322857581,3,2
1918,36545.40875798667,404854,0.0409024902766432,14234,2.1652897319813706,388.7654110175559,83.53043496952743,3,0
1919,41454.985955434524,417390,0.04363924003739546,15690,2.2577112573134537,434.1086727167656,77.1833961258241,3,0
1920,32552.56288755677,473396,0.03878117287300929,18351,1.880709228178978,128.99043477967354,37.14174571304917,6,3
1921,38004.532826571376,642497,0.04410076510021403,28890,1.3265775963128783,96.36484603024478,15.089701576635761,8,3
1922,8505.415079270151,52132,0.020331647652085186,996,8.334912434246743,394.1956443026489,43.70735549423953,2,2
1923,30369.019186013604,239270,0.02407666609379317,6589,5.448534666367192,157.38759408582987,29.84351870899758,6,1
1924,38326.87769717565,375756,0.041775821378057826,12985,2.472464617717229,438.4749641082329,64.353209705478,3,0
1925,36241.29326712042,368406,0.044594397549467146,14572,2.1293180895931703,335.3018634302502,79.83951822769586,3,0
1926,40928.713052634674,420077,0.04389706397773922,16520,2.1178034478908043,377.25366925253866,92.30360853334514,3,0
1927,39712.93842769056,606396,0.04025428946824342,25416,1.5516690050792215,69.44478606290485,17.549977905426704,6,3
1928,30984.291760991237,245719,0.02747580747541932,7163,5.126282890675751,102.95670261183466,47.17430265480551,6,1
1929,36750.71726319399,384704,0.041450025922188764,14428,1.9544491628023781,415.92871909068936,90.10593464923495,3,0
1930,36409.926426699116,417410,0.043185424248057935,15469,1.917232478428815,429.0901718598901,79.18511946084121,3,0
1931,30089.786755881694,184176,0.03067517822971303,6272,5.33753553240755,165.3608980427555,46.32760447729732,6,1
1932,10222.203953025155,40932,0.02086647305206539,850,12.581318481030609,481.177433775204,39.80306043439242,2,2
1933,27017.933038621497,236252,0.03018078246701316,7702,3.9147591684738297,117.7973467256297,41.300656782946504,6,1
1934,41106.20065508148,724525,0.04034160867076798,30384,1.394785428572366,117.84884268103461,30.89430446731751,6,3
1935,6148.745419298978,32321,0.0218885304978882,650,10.29872659756553,493.2515275194463,33.59076833825971,2,2
1936,34272.78291999007,521312,0.0412594175368087,22054,1.6352266810654592,112.07537227573413,20.25664185475097,6,3
1937,32101.902311700716,377853,0.02707032065386878,11947,3.1426157729926594,138.9849886664522,34.84025383898693,6,1
1938,36832.65102870905,374187,0.04438744730606798,13948,2.0859495281233924,344.4244505656496,76.29294516996063,2,0
1939,12022.67312342833,17742,0.019120840783106753,325,42.47969555337296,518.0798874064003,20.480638358251433,2,2
1940,24646.405300853552,177450,0.025941893481896364,4995,5.852249554142626,109.35993854806449,31.438948717978565,5,1
1941,11906.88074690615,62427,0.02108697792873202,1263,10.701997493835178,438.25485230565937,18.194972000594234,2,2
1942,40302.19976397697,331146,0.0441449377966225,13127,2.6086415989869396,345.21790106570927,89.10944075755451,2,0
1943,12293.94788420465,75175,0.01956927878029291,1510,9.130485707707024,533.5322216954459,21.713905145248823,2,2
1944,39295.68974549183,528210,0.04053458088861733,22185,1.7833173992618243,156.05804144800757,20.53403463087174,8,3
1945,40678.04894424761,607370,0.0412776399760944,25863,1.4983401959499272,81.16999132093744,18.822285349821062,8,3
1946,42931.577237093275,436999,0.03922715114267357,15755,2.1613878679760963,392.57464867856356,77.01602176997201,3,0
1947,40733.47684562166,560157,0.03882085782543697,22600,1.9203059819719892,110.55139980937273,23.87496161805609,6,3
1948,42508.531405687056,352198,0.04729901555717162,14403,2.458258413725562,394.15596552525244,82.93837855522852,2,0
1949,31127.7428339374,365171,0.031258430433792596,12565,3.083285407179218,78.50889902440841,34.90320410769569,5,1
1950,39875.28612517851,584097,0.04303404379708064,26423,1.7462726014090846,104.11245780057627,26.572901192612463,6,3
1951,39602.38112009478,604588,0.03851713690282184,23636,1.6938772047741129,168.59829159060922,24.372882282883324,8,3
1952,8865.871697153947,59836,0.014145683679311821,808,12.347657959913443,444.93808110470394,33.007233108347485,2,2
1953,35013.38276532435,385296,0.03697871695473505,12876,2.106786498087045,400.9075332518233,85.80945869142143,3,0
1954,37058.916853515606,542680,0.04193271582437974,23793,1.4373591001337718,114.69693850184845,25.393054815583266,7,3
1955,24727.610802734584,223307,0.024294251277209224,6163,4.856171937273719,172.52955210598847,31.800664779429237,6,1
1956,42161.42752067803,606538,0.04011662775767155,25468,1.5151561382241012,156.21510855270037,25.877626483410758,7,3
1957,6669.846025357594,23605,0.016893053230621097,373,18.567676223075598,431.91361118213075,15.22783835544047,3,2
1958,10518.995452781499,52589,0.01830644638658068,842,13.111749182529373,487.73963757315073,10.59230773100181,3,2
1959,40793.282689194806,434466,0.04552181778406512,16999,1.9461336316407218,416.3396540014871,82.4653144333668,2,0
1960,35414.17527464822,383324,0.04115292005603861,13615,2.167254915046244,343.5678880483114,73.37659380736036,3,0
1961,36290.06237915693,323679,0.023099404587504535,8692,4.894532889470507,148.1486898123751,31.28265418070844,6,1
1962,41229.317231150366,451127,0.0374737341987975,15798,2.257933955807114,432.7706272324519,84.82416471001876,1,0
1963,7790.825390044705,31683,0.01576595867467187,472,17.685677662543966,426.38623615260735,24.521638076718073,2,2
1964,38930.457776771866,447235,0.036449308008750236,16753,2.271681581822359,80.39142777404757,20.917255484662924,7,3
1965,13859.723553594202,75152,0.016866863892631208,1143,12.139979583671176,470.056631937109,29.745286464557218,2,2
1966,31285.24067169316,272402,0.029782337910832436,9006,3.921387318707385,182.12806741512708,42.230748390314034,6,1
1967,40145.45773614588,432872,0.04133159299527869,15822,2.2424118791217333,387.6196770556579,78.08233851038038,3,0
1968,37849.7172803073,367946,0.03758671402217126,12638,2.1277802385419653,376.92025146130334,82.20058104773483,3,0
1969,36302.719330730266,580022,0.03498369968140361,21101,1.6835146979293596,162.20545564323214,36.78173062736102,7,3
1970,33321.68688978486,525373,0.037429641070682605,20545,1.7819733495731225,67.67267303051293,33.176450867916536,6,3
1971,36039.52804574884,330795,0.0456347984539293,12910,2.3925914385411193,378.3351056797431,76.98928487210794,3,0
1972,43873.46948458296,633358,0.03946302187707823,25675,1.7963488058699315,70.29018427252673,25.542652621973055,7,3
1973,35488.913933890835,317052,0.04222720724740058,11555,2.5642843313214394,387.0425616632119,77.81267135792689,3,0
1974,11606.779477715847,64075,0.017421151441556183,1051,12.271305766347036,459.6971054409567,19.719703861859273,2,2
1975,40824.029841577685,484065,0.046013277342383675,20082,1.8767378584975227,348.55753223995765,77.67830996627735,3,0
1976,37270.96675924623,375354,0.042408942766928394,13761,2.4377728620494548,453.4803092347691,80.6815263852354,3,0
1977,31805.183752259196,240906,0.027015891063405566,7201,5.140452008232491,242.9620474360521,33.979375966154166,7,1
1978,41473.48442136919,541843,0.04431825539584574,20363,1.7733754759088156,366.268142872661,79.38634633135182,2,0
1979,40279.410236448966,508140,0.043756454349956224,20819,1.4993657200342616,378.31690264149375,82.42414517403584,3,0
1980,8482.84778994129,43601,0.0159820582698967,649,14.614970347419494,399.6955694051992,33.897040817997095,2,2
1981,10306.492532110873,40770,0.016320854527358816,636,18.46724221297971,378.153319179584,33.09034404318532,2,2
1982,25837.631619024094,205117,0.026779563652753642,6265,4.477081874432943,195.03448225808393,25.26218333519776,6,1
1983,30432.29912876958,249271,0.027382432599433577,7444,4.5989338630588925,181.4726155379118,40.509621548383926,6,1
1984,38777.61979344669,566809,0.0408103189446628,23467,1.6202116318134685,95.41657865777903,36.103823146372186,6,3
1985,37487.00651023567,393759,0.04210738573727933,15420,2.135674898506988,382.7985836577241,70.41253279304466,4,0
1986,14224.39878507191,90384,0.018004806186526064,1559,10.111117441400099,424.0331799872999,29.336419842649875,3,2
1987,7436.847230218765,35543,0.021841080388786724,751,10.587016493395122,486.203190703682,30.606914328774586,2,2
1988,39347.711689717406,610263,0.041872238762171415,25460,1.4716209386711436,153.2688329540975,14.315900645463241,6,3
1989,37701.63481063464,565458,0.04016320962329207,23472,1.6258986734312948,171.86241370277162,9.978854573129183,7,3
1990,41821.79218663762,542053,0.04093072924046722,20142,1.7790704272502402,337.71801417312884,83.6957833926776,3,0
1991,38942.72026161149,543345,0.04294064699741965,24082,1.5920676528071376,127.10804076905481,22.326823811801976,7,3
1992,29847.397206321384,246447,0.02912684104490875,8107,3.9434785811069,166.70169896340198,44.08962453979692,6,1
1993,36283.4807378346,607680,0.04201137671388142,26394,1.2913874041941438,201.44438865777823,28.770103714540312,7,3
1994,14051.864040380475,106157,0.01901302784096234,1880,8.58978222885991,444.3040800414234,27.213857303804918,3,2
1995,37302.091531667196,423220,0.03891599530109563,15209,2.131433621219659,351.22529408386407,61.82438720070955,3,0
1996,40053.4027830003,374500,0.03832964708030966,12413,2.8546747167704147,287.9065288935529,71.64070978013977,2,0
1997,35263.563193773734,544146,0.044442355831413496,24251,1.368731014135453,60.69930155687882,35.390284139765114,7,3
1998,37401.35651234937,451491,0.04052793428744373,16269,1.8578876949760394,372.16250844742285,80.18087362686177,3,0
1999,41295.192172815034,580214,0.04158767024095918,24245,1.6842905970021471,137.50819620098923,34.2306947060677,7,3
2000,41087.260212288624,621011,0.04440969486141921,28420,1.3633194610832275,116.58304171089245,41.480443141671586,7,3
2001,38488.19401363548,550154,0.040887772956833615,19556,1.614402719542193,385.81989646410807,73.7614746057812,3,0
2002,28502.025743472925,191737,0.03217579791886552,6965,4.649267587451569,99.57646749201353,42.296170533831614,7,1
2003,37897.36247603592,531664,0.040169899133897825,18518,1.608809185524633,360.5435662412248,71.28051114832886,2,0
2004,41338.258662653425,569214,0.04628016707028669,27819,1.4023360946139845,93.10583746379729,31.231654577763873,7,3
2005,29271.711968214462,337402,0.022986234467773644,8561,3.701640773501647,170.3248990416359,31.91090539444484,5,1
2006,27609.477166554574,257704,0.025716739699225985,7338,4.181605404735656,169.30956863907826,36.08062235677253,7,1
2007,39378.54137563173,418272,0.04239192156689378,15893,2.2048305596914664,442.3493371134298,63.724095838969944,2,0
2008,30426.575134700102,235164,0.025263775665045153,6374,5.12527085703563,143.11413989658166,39.720676748644394,5,1
2009,27230.11479319517,212986,0.02476159110595546,5839,5.169122296774158,136.88202950651106,34.38169696483931,6,1
2010,10469.501553226339,54942,0.016855013805180823,844,13.54141400490701,408.10662417142953,29.1206710840201,3,2
2011,38994.914360662966,608175,0.04069739432473998,25774,1.4072910138149286,157.53980853677515,37.069462492616495,7,3
2012,41098.938814719244,438976,0.04229902916093978,16003,2.312400994610141,378.99176087200465,71.09327684456836,3,0
2013,37301.47139985196,393622,0.04496876931143219,15542,1.9749297433134723,440.2090535277762,63.78951007814129,3,0
2014,42723.10920991222,464627,0.044900343681917435,18319,2.036240120708911,416.70760767495864,60.4090633665666,3,0
2015,12041.347874593781,75231,0.023600634176313265,1593,8.098931849443497,442.9207562862401,46.00476571966817,2,2
2016,42028.84172054472,637330,0.038758251004620096,25827,1.5026141619180777,162.07032126805353,16.67049872600408,8,3
2017,37478.17238766425,464031,0.041297880850320316,17614,1.5823448643577083,389.1366851860489,77.55197043716817,4,0
2018,29674.009300196285,240057,0.02761783532659952,7330,4.715081007180117,166.23266826073416,41.771823404697116,6,1
2019,44408.96997931898,584701,0.03968709314885838,21475,1.742043041993067,403.7173602200956,74.00191833062657,3,0
2020,35356.21817496358,595254,0.04620698593456132,27500,1.2238584000416446,213.1910006272941,15.720323389085078,7,3
2021,39821.562920658,580549,0.042243581244099666,25957,1.4783961007605644,119.24595884772035,17.328366217510027,7,3
2022,9050.527287046247,25038,0.019803672213903167,475,19.56556929721681,437.09841562671284,30.285964034534267,2,2
2023,29048.17610273573,191918,0.029179924351585604,6461,5.155418070305728,124.11377900721209,53.38394265488626,5,1
2024,30885.334249240826,274162,0.02267491085880427,6851,5.332646959262373,188.39634567649665,45.51954393029387,7,1
2025,39065.72299902417,601094,0.03551284653954719,22824,1.740984613006047,181.8389702724319,28.180204904899824,7,3
2026,31392.21357680347,205144,0.028582610216811105,6721,5.32788264433933,113.13584120212292,32.214796518540304,5,1
2027,27204.91084681968,196259,0.025205361245044727,5544,5.419198564400727,118.2561964638298,40.53345058284252,5,1
2028,37091.865678305796,392004,0.03968384476576328,13500,2.485563934358519,325.3509712397295,74.45922396486525,3,0
2029,9282.427766531418,20287,0.019885535978959975,374,26.149696180833686,487.14068296372,21.819192279095795,2,2
2030,44372.27332483992,529130,0.04276234542535562,19291,2.188900959045507,356.87843582215794,79.98012362891791,3,0
2031,41826.731529927565,489305,0.04255684511998569,18422,1.8475949577398627,348.8755748861914,91.54115880612753,3,0
2032,13401.944261223884,77040,0.020132610053669328,1493,9.828673342365407,482.9500262204613,42.72793371276674,2,2
2033,8839.627966760141,11565,0.02548568721821117,271,36.25005493864288,488.1402754434944,33.18634747721537,2,2
2034,13502.481254674154,66825,0.01769099414002324,1107,12.995790367376816,460.22542262918773,31.278062690077242,1,2
2035,12108.710415535139,46126,0.01813719764416427,799,15.561587347863869,498.01293019990953,27.788052738794317,2,2
2036,6996.671281261436,13137,0.01872222150350345,222,32.56199565711681,547.6764578781662,22.897445851183246,3,2
2037,40156.74311708434,641211,0.042481243866807496,29008,1.54170938221554,121.01383042738405,21.529233417656393,6,3
2038,39295.16535945758,421539,0.04260386818031307,16288,2.0423818899983806,419.761000979625,75.51012841753311,3,0
2039,39069.911627553636,491384,0.043231398000527804,19123,1.6927206040554277,427.3583308365746,72.01206220556163,3,0
2040,27292.050961391353,296763,0.028311369507786073,9334,3.2445210068287262,168.15271090126095,45.8703074804198,6,1
2041,12170.882723296443,55125,0.023004162681970315,1174,11.30925466009457,466.1900477330907,47.21526717800316,2,2
2042,27342.28500166422,268425,0.026068422627860917,7490,4.287673360733307,103.79006913080384,43.204508744093374,5,1
2043,26115.45583941725,270426,0.02631510766294693,8051,3.79483966832168,173.29084463411823,34.65213988643672,6,1
2044,37253.84423188416,518851,0.04521637931806198,25178,1.425091951640231,117.67284594613416,42.16558864011648,7,3
2045,12124.769594476724,32699,0.020554530204417748,604,21.079822968907056,464.988963996407,33.89619957525939,2,2
2046,36540.51526002711,550722,0.03970922868775152,22473,1.5692405842127413,141.25694011945657,28.142213364284636,7,3
2047,13200.134996437857,69440,0.01932946885663867,1279,11.617135489653494,475.9587564583178,36.06190313117062,2,2
2048,30405.247064112533,233927,0.029160847207840013,7182,4.985665762450797,168.5457753828944,31.98298466015154,5,1
2049,15643.561156153813,76991,0.02364273258563796,1752,8.883733316620681,440.9765220162169,25.870458349733262,1,2
2050,40944.410796207485,733215,0.04216125036237423,32401,1.254675364826263,142.13749541483764,19.99380172020552,6,3
2051,25564.99001598336,154928,0.025177184726395303,4361,6.971417086839071,182.89932128919997,44.979006314009986,6,1
2052,10990.817470725582,87601,0.020039204255655273,1677,6.6839492746869125,441.54466829499205,38.37016726184178,1,2
2053,11730.147667818825,83609,0.01787529852935269,1478,8.617231015091834,422.15353659104716,33.766618591234526,3,2
2054,29884.400131225713,271551,0.025246080695781804,7769,4.4253043444856175,164.4925280007807,37.644679144364964,6,1
2055,7700.119815705249,47169,0.0196634647855415,827,9.682789472977214,472.38052990952855,32.451857852258904,2,2
2056,28252.810613248203,245932,0.02561524885681947,7118,4.5294233931603,110.50282415951501,44.854281678639786,5,1
2057,33679.554751361255,287429,0.026718175459485738,8541,4.1741467874057,150.76090152031435,41.172243432042286,5,1
2058,39384.898934218254,430732,0.04320095796275365,16510,1.9439150471062245,420.0595236177233,56.39761937544585,3,0
2059,37298.07179589833,445261,0.04450507128157081,17992,1.8885265436306748,452.95097106090014,71.79329400692305,4,0
2060,38501.50665852093,589767,0.04405229149941543,26899,1.4242319267496364,162.95293145037684,20.034207618410463,6,3
2061,32747.230796388405,247210,0.029631242300274703,8101,4.776608016923798,154.9171499548709,36.74529482448546,6,1
2062,30646.588506116055,245133,0.024277298201111523,6638,6.000988862471888,214.30785729319533,58.35757388232402,6,1
2063,39381.58846874138,516186,0.0434767127249579,24016,1.6118363809352232,140.12434326382072,27.845340850624645,8,3
2064,40206.353423932225,686774,0.038874286336946,27248,1.4994709517463092,174.40284728151937,30.363535572120647,7,3
2065,25942.573916950812,201649,0.026895265964037136,6105,5.019980050242982,203.62621376541716,41.2235554802034,6,1
2066,41705.206181388894,615250,0.03994500855209642,25647,1.733852104847836,184.36648506761279,30.782117819044615,7,3
2067,40327.3391415331,431289,0.03832915116579826,14141,2.4901862699677775,399.8134387784827,90.74022485836298,3,0
2068,40874.60328497473,401869,0.04234326248509427,14953,2.4803633490459016,264.7105439797134,77.95673022413247,2,0
2069,43754.89632846723,354332,0.04819205488879636,15103,2.4001859913007233,376.7331534377939,82.97210521266247,3,0
2070,30278.549995079662,306151,0.03008264778462627,10154,3.247243884058647,175.12235096146574,24.22076727286644,6,1
2071,35379.08838252939,493898,0.040818310306603635,21305,1.7068642081565586,116.80001515435902,37.02368555073587,8,3
2072,39022.552556662195,701452,0.04227277219566788,28876,1.3551800891815293,157.34079367722808,23.856538615970354,6,3
2073,28284.704787364582,203620,0.026804766080836956,5995,5.748698772515342,144.58813181311353,51.358171865757875,6,1
2074,34214.457028960824,372093,0.021917203060393964,9295,4.005452414925988,175.23084036052973,47.06265343015074,5,1
2075,9182.470640452028,29637,0.017812931123464944,505,17.702593413593526,475.0035541149633,33.06889345127682,2,2
2076,38033.28941686148,548063,0.03979893458898691,22411,1.7767789077380531,100.29849042543343,27.012941348675728,6,3
2077,38457.157173995394,565216,0.03984617619049266,24104,1.5681536470207595,107.2259776605972,15.800703579759764,7,3
2078,8005.132299105021,23278,0.023521052996698263,520,15.380425480714454,501.6693171454167,35.16133113315126,2,2
2079,7547.819781997773,31724,0.02059358086901588,620,12.882921815750773,421.7960452188396,29.85185431044444,3,2
2080,31809.62410750771,266412,0.025207693942457775,7529,4.834720725269742,142.65600758343578,43.40065156129696,5,1
2081,40382.52334258135,613073,0.039031820774645,24528,1.7377562911572118,73.45383888817415,26.590057984249317,8,3
2082,8905.753582942425,64086,0.022732573954683033,1353,7.498743942899428,561.5746911420205,31.76588171245284,2,2
2083,7754.347016984478,57046,0.019296516947943272,1049,7.513606657884045,490.9379701416852,27.557404388189997,2,2
2084,6106.004694048824,23696,0.017820850125473124,414,16.45738911009836,456.1681968473353,33.8157447487605,3,2
2085,40100.628179756844,581372,0.040059474012601036,24256,1.4977950754773426,102.29990236276353,28.257038377889238,6,3
2086,9958.968303348058,73093,0.0220062838607143,1520,6.910699959863485,454.9356729201065,24.712644484380668,1,2
2087,45670.457428988324,635896,0.04049285555439162,27016,1.7835622154818453,113.76594443542642,9.193230815133171,6,3
2088,38259.97504727767,492275,0.043034236868573286,18326,1.8265728882192895,463.44827136965944,79.76935176202112,3,0
2089,30536.608269277793,252548,0.023922053625935857,6599,4.994036901041502,156.05144787680268,39.23117219324912,6,1
2090,9994.006088614837,41385,0.01755989866392079,682,15.932165995182082,465.10131483675553,21.64142461653508,2,2
2091,39209.90487725386,470734,0.0462607690676658,18644,1.8189786394570862,347.47523523387565,76.62851679527544,3,0
2092,24794.213686462095,206573,0.028205637704651905,6418,4.428328756650744,100.02231956054875,52.86877676388235,4,1
2093,37730.069290610605,482223,0.04212750215694403,18384,1.8481109380337013,421.59630594170267,74.17715388537476,2,0
2094,39100.74234547504,337517,0.04300729305333117,13266,2.5411497586495577,421.92845942218923,91.0910306182244,3,0
2095,9390.558714195839,46562,0.022441308084869736,996,9.735242443950213,449.88109313830836,25.997820446948833,3,2
2096,33962.978003161435,409981,0.04461561278224832,16844,1.5401856418130973,434.6709440481469,86.27485027124395,3,0
2097,41353.18901202121,700156,0.037584253115294015,27569,1.5095274801321945,113.70718867107867,26.84660484930311,7,3
2098,34770.69210208014,464814,0.038063898459501345,17530,2.0643351678894923,150.53523740553237,12.938174824160233,7,3
2099,40681.43806528055,457670,0.04717413735986114,18891,1.8276892568353205,330.8913578038804,73.64223523789695,3,0
2100,37271.720021966605,377343,0.04262073356917055,14022,2.0165464970065075,406.7126491515734,67.77168234053246,3,0
2101,12216.598767234222,46892,0.020644045218391256,872,15.358641641782674,490.36149048333505,36.2452300368817,3,2
2102,12004.627984245171,73786,0.02475587904470426,1712,7.324323628201922,482.6364035439245,19.09260692939358,1,2
2103,36524.96758336385,451994,0.04397211381064377,20499,1.8572204696517935,151.50160571138272,22.6766942379371,7,3
2104,14613.867026383637,62008,0.014552089617773819,847,17.35758528433681,450.0642731839985,18.270228577434207,3,2
2105,34198.39528748429,211965,0.0254083230719375,6013,6.222641586386244,163.16534841780302,35.59632380743651,6,1
2106,40875.61554687687,444870,0.04104857565969733,16412,2.14115707175388,403.51530304089357,73.19265215682502,3,0
2107,9884.413252517024,45367,0.01616322670320764,702,15.483702425899885,384.4238925857969,38.19599176782405,3,2
2108,41487.22920184425,468335,0.040072380783346795,15981,2.1616498840817457,381.13218021589296,87.19935109877464,3,0
2109,23793.48679199857,210960,0.02537962059521017,5869,4.452837799580473,112.52791538807035,37.43136573860156,7,1
2110,35869.02355542345,516849,0.04514463871767698,23698,1.582993506472797,145.27077709027407,36.81847399141999,7,3
2111,7637.431442849433,38828,0.022268961755327922,790,9.626268092464388,457.6331828549482,30.09342530073648,3,2
2112,38358.35293179839,567985,0.04108821702108352,23840,1.5763121214402198,225.2072993695004,10.399699700245426,8,3
2113,6400.509577021943,23148,0.020988079964248205,478,15.277162983038771,493.7705927810587,35.90958816646463,2,2
2114,9997.035009465926,54537,0.020886678679279277,1141,9.022255786376249,417.6028053305598,37.03991201775928,2,2
2115,29944.69984103055,325528,0.03067629474966023,10881,3.2495023704022823,155.98769042535665,36.711770508225946,6,1
2116,37395.61858287586,327191,0.04256575999328198,12433,2.693362469775266,351.18844321209326,70.45665630900831,3,0
2117,39202.96220729162,432600,0.040951262477205534,15786,2.0496579302240714,353.1305460770818,80.08854369366321,3,0
2118,34899.386544181,294639,0.044374079965338424,11931,2.637048342132865,391.70846233060297,79.85617704247294,3,0
2119,11233.763160864179,46390,0.0194736139578024,873,14.274256788894467,415.84045884285143,19.746459111537064,3,2
2120,38625.30294948787,554539,0.03623364657664495,20723,2.027562246530188,145.32005401432704,13.69125130349599,8,3
2121,37006.82778302481,408700,0.0394556679380888,14897,1.9904178246413964,357.891739265204,79.18536786172432,4,0
2122,28649.90218236973,269854,0.03207027569990547,9349,3.3618011762647275,126.14118836779657,60.37850705142998,6,1
2123,40781.91632035188,636506,0.04281257891142497,28132,1.5759495541307302,70.96868810539068,19.921686828705564,7,3
2124,8201.059326734932,28980,0.019815558982006654,532,15.920586108375607,557.7151992805469,31.890784365170642,3,2
2125,32973.170897989425,315697,0.04027194282740847,11147,2.412765096214602,414.34045458388135,77.27159110268546,3,0
2126,37922.02824655297,452524,0.0427250127293408,17184,1.8950215035257592,354.6692795505619,80.14040114242889,1,0
2127,39227.4823580989,528456,0.03862090189716555,21431,1.593306829145941,111.13184386851468,15.314317978123096,6,3
2128,31505.47828948206,236613,0.026791198149736614,6977,5.299083756796553,105.30456619764101,38.20622282356246,6,1
2129,31247.413336265785,354882,0.0305443242594459,12144,3.1346798304645054,191.7513044501005,49.50417128674014,6,1
2130,27230.26114559402,274121,0.031929930018168594,10172,3.2624131599465316,94.57855212646375,43.75773279198481,7,1
2131,7937.244981288756,32110,0.014919759718485817,435,20.85900584876637,414.2164753723322,24.454340897113124,3,2
2132,30027.091006019316,199003,0.028211184997532404,6200,5.672025716630846,158.55743182573428,40.89451570368216,6,1
2133,38701.81066671856,501781,0.03800010756220744,17355,2.0138149702611843,395.42101114685795,67.45491444450624,3,0
2134,38012.3608147858,619979,0.039132281473726466,24944,1.6166973894382677,155.0801458217885,24.73206330321981,6,3
2135,9291.248328994361,38746,0.022059820731207543,782,13.480339604776983,485.95319519076537,23.33809191226768,3,2
2136,27578.809126352808,203471,0.024686498091649408,5678,5.345498440857909,204.4920625632965,55.074866094543815,6,1
2137,28077.701206544967,228788,0.026092909208987644,6702,5.030025558984703,149.4427578968523,33.61172153102391,6,1
2138,38710.78244559811,579260,0.04312867842813656,26313,1.4532442817970035,66.00298817572087,33.4769746173121,6,3
2139,37860.25032282442,540760,0.04132364520262656,23310,1.6272105750824082,73.97909609136465,25.005140577560788,6,3
2140,32810.2742542217,385992,0.04070689674329417,14557,1.8906151624050442,390.3117117706932,59.51378822065851,3,0
2141,11278.018472184649,77961,0.020163657776211142,1460,7.728534880858379,471.53239913187605,22.379985130130443,3,2
2142,39009.26537046605,462558,0.04083703310052366,16507,2.0252193772546785,439.5936242856397,62.63583676982919,3,0
2143,39089.00476547941,447196,0.0418755686061054,16107,1.8164180091615203,366.3749985100335,82.28484815882115,4,0
2144,11027.010575761347,74997,0.024772767683292958,1788,6.845064928732107,427.48706643211113,33.757224972153445,1,2
2145,8057.66734168963,28823,0.02323665546588514,599,14.675438057665861,533.3327094749652,35.39712792750491,2,2
2146,37613.47106617328,533782,0.041300586059567754,22903,1.756203076860791,166.1656211752785,25.710450700475846,6,3
2147,26980.450580483805,253585,0.030371579611026295,8742,3.3530758183280733,204.2567949945946,21.640504883358787,6,1
2148,28697.074850685436,215314,0.027685370308313008,6619,4.760856320644113,233.72984402822132,47.33299465962039,6,1
2149,27701.54625274216,235636,0.0272876794216821,7305,4.492616161387304,149.33510163837119,41.167018859427216,5,1
2150,36347.63977899192,516153,0.040031921757714035,21070,1.6971762258674326,177.2938011876595,24.55721120661972,7,3
2151,40842.18338966832,379674,0.043481985269420154,14707,2.388215855646678,309.51110935975765,80.26980155719264,2,0
2152,11500.010995932347,104369,0.023524418800657206,2250,5.138970033572231,509.0415077974801,20.89600112237881,2,2
2153,41199.945510024976,541340,0.047289338049319035,23588,1.462310131245343,372.2048336225563,78.1354584037796,3,0
2154,40423.21707543575,500175,0.045007712176199775,20571,1.7294408394124383,380.98219675706315,73.08580270685128,3,0
2155,11325.826258077588,64646,0.01995885150879089,1206,9.860594215552931,406.78250517235864,35.235219413333745,2,2
2156,34902.66027733584,514511,0.04694198926069922,24838,1.4328656159976967,62.294728911509715,23.86935332894467,6,3
2157,43723.79637221152,665065,0.03721566594806619,26010,1.737553668679945,143.1138050131255,20.16533397184405,6,3
2158,43626.2746024257,687854,0.04040550704470052,28556,1.4760108870410433,143.1306852925661,12.53635969969861,7,3
2159,29456.305138712512,280427,0.025216573428345244,7982,4.0916219004636,83.77596427900771,45.82268095940071,5,1
2160,36126.516607943384,509429,0.04032104744384451,21032,1.7129527363315165,72.10409386865064,34.63977789323763,7,3
2161,35536.6336955787,390288,0.04210602548095696,15106,2.0527948174320545,429.70683561234716,81.55286748222346,3,0
2162,38528.92745499904,583651,0.03678605007367013,22989,1.5902028185169927,145.82089076668157,28.460121435599987,6,3
2163,43323.17409786935,660567,0.04367863617563778,30179,1.5150407588630084,101.25668071675942,31.751425240411045,7,3
2164,37991.51264766451,446649,0.04454154329379244,17750,1.9086670572420277,471.326280077605,67.47174081255741,3,0
2165,35979.37363036083,445029,0.04324461444305287,19777,1.9359798174822203,107.04139265727059,25.02839480884016,7,3
2166,10188.676930402646,46423,0.01810413400834834,774,13.386491880406478,537.3225766548136,34.21033398389472,2,2
2167,35597.52732499639,262208,0.048196956663615835,11222,2.6127540432391823,334.66708880646456,72.18691946835033,2,0
2168,10575.099212046276,75634,0.017323997924693954,1223,9.324732744395687,383.07219864060494,23.78092927906568,3,2
2169,34271.02757996121,326015,0.0443487775176335,13183,2.2022731007417,408.09435408062,80.53659889560207,3,0
2170,31736.430745479804,273450,0.02742648296338534,8485,4.403777528609819,223.35283189784622,50.10762913667055,6,1
2171,35288.35835737652,512685,0.03755045310108819,19384,1.8408302582483107,134.38593328873452,31.721874141268287,7,3
2172,4191.640861072241,15480,0.01759308805980443,246,19.083287360250775,486.25488193445676,29.15260540653027,2,2
2173,30370.878623132274,233017,0.02587575130401179,6831,5.2053842649552875,199.34186032935006,38.18640027487376,6,1
2174,38454.587687112195,437927,0.04254421122198758,16685,1.9846390428861287,366.6656489251656,75.02405181967706,3,0
2175,8324.851275083629,54855,0.021775868998038402,1098,7.502086611988559,472.99327558241777,29.12331877007307,2,2
2176,29780.45870536255,203634,0.029624797189241506,6997,5.026409879894285,165.71056793307096,26.353593607462074,6,1
2177,9605.313678468316,63337,0.016535910026774205,1023,9.853843189856073,503.3402002308186,35.429967730788306,1,2
2178,27724.615829349208,240350,0.02506429682541779,6479,4.595161404370887,172.87340086718527,53.49914143645738,5,1
2179,33407.75316543724,322413,0.0449363599968547,12431,2.1222160771520078,329.4251737840901,81.69589829366708,4,0
2180,38723.2849093244,415584,0.042681274133773234,15479,2.172288215020647,428.09052382805754,69.91949038776211,2,0
2181,33918.31778733982,495424,0.03963943976197325,20722,1.762788864849372,169.2806952433821,18.900389058271465,8,3
2182,27334.982488316946,224825,0.030662696199711924,7786,3.8196467497247677,163.59271242360143,34.656456986576174,6,1
2183,38532.65615121101,440115,0.046401499037541316,17854,1.8797120037475636,411.006086214852,69.51185532150971,3,0
2184,37204.02156384633,414827,0.04650711045177128,17164,1.8431323949496956,393.3835848379737,77.79054302094453,3,0
2185,40757.67750047795,641620,0.045445923131361914,30306,1.3338021046619895,136.88146154339196,14.050292814277054,7,3
2186,39262.1240498929,404262,0.04477709892278513,16002,2.1091217181263,414.08776356435163,87.18433108896065,2,0
2187,44557.464253330785,649153,0.04080686661684599,26644,1.8044735097940507,63.564509782692475,14.671835720098414,7,3
2188,36442.43080225262,370566,0.038732804536674464,13049,2.435274550797566,371.9416755742236,70.19701833476277,3,0
2189,7525.045149913691,17461,0.022982006965365235,379,21.445731940517355,431.3185996861513,44.081768400684005,2,2
2190,10929.655734188173,92436,0.021752824239584547,1829,5.858522900398253,442.69769716871417,17.19511064662429,2,2
2191,40175.19174375484,621346,0.044730334924398756,30124,1.318890269422172,162.70207800788322,16.23560874816755,8,3
2192,39721.51862295431,456095,0.04034543823095903,19772,2.0195217857697245,143.89351907129893,18.29821650995789,6,3
2193,36807.5399582427,428420,0.04285605572338121,16607,1.8577482858763537,440.725467285205,73.88246490602397,3,0
2194,7368.883788151343,36554,0.024018248482599182,811,9.96940514971566,499.52331871827823,18.920466424798533,2,2
2195,41501.919743473874,398851,0.03820017206833054,13744,2.652657699834506,393.9067614391479,82.50768552533965,3,0
2196,13086.208255876307,102773,0.02036385952341378,1980,7.124356882352783,438.960843118088,21.496517649974052,3,2
2197,34114.23494845942,341358,0.04215365004090559,12581,2.0811159388966933,398.57738142581036,72.88401447359162,3,0
2198,39091.231012214266,383132,0.046786654856980726,15901,2.012752965092295,397.93646666719695,68.27334190099197,3,0
2199,35095.672661565804,342867,0.04172282821355152,12774,2.6188817976883585,296.12410826772714,84.67549639132308,4,0
2200,35292.17157605749,276791,0.029328299008706808,8773,4.550973544360335,154.2876237404071,46.11883917082845,4,1
2201,38376.02598013684,640308,0.04225520201883685,28055,1.41749594481286,143.33931292885165,32.83562609598298,6,3
2202,39208.53541376992,525632,0.037555128379198666,20760,2.0162798831932447,34.11299540795912,22.633763377927085,7,3
2203,24646.097459139128,208483,0.024041022335109505,5531,5.315123642850201,135.93212863594366,19.72433337113214,6,1
2204,15073.781115306381,76466,0.019714389640396623,1422,12.266385954543711,484.25640357041675,28.145666173911998,2,2
2205,35277.69276488726,580343,0.04200432254847085,24960,1.2955228803155652,135.16581689095116,15.83534952478626,7,3
2206,24928.672277517886,224927,0.03028347836623485,7758,3.497329898963715,236.97499564165022,52.17194422999899,6,1
2207,36789.68705728565,544846,0.04096751782857223,23800,1.5369307313276892,148.69475037360053,32.98513421273876,7,3
2208,28097.910204115902,195968,0.028445328202914982,6350,5.157949777896822,174.12423449987168,41.94403057962306,6,1
2209,40986.22131496623,620205,0.04326769808378588,27485,1.5688923036012998,147.94164444273966,26.4060867518992,7,3
2210,26902.71383832993,195541,0.030727951673202684,6587,4.411223023050202,165.4146658180617,37.036641853167275,5,1
2211,38418.24019440442,567881,0.037801364083386024,22949,1.6086743866908908,113.70697173127591,30.027173649313582,7,3
2212,26222.76649958177,155954,0.023684487257067146,4123,7.491213113697059,140.69720338421416,39.99542803664453,6,1
2213,36680.41361785959,484618,0.041297758336213894,20917,1.9242269904645644,67.22961427423974,20.773990233124263,7,3
2214,11610.581765371953,38200,0.019871854206623508,693,18.078051403959716,451.2053773518108,26.569941048040864,2,2
2215,40529.180432679525,555064,0.04226517152395596,20613,1.4393616664750104,356.446896334579,76.3844164447904,3,0
2216,36407.57044307378,540363,0.0416952025005323,23375,1.608930048031462,95.96592969978137,19.957755962622485,7,3
2217,31085.745522441666,271445,0.030897064569785387,9184,4.058577503286242,172.5061446373456,34.1836215533041,5,1
2218,35073.62224371869,468108,0.041079469707079125,20443,1.715164534323441,63.997559064260535,26.689823685170644,7,3
2219,26690.946202263185,152755,0.027085163831357555,4454,6.693730466303885,189.26432766026267,44.12293669790295,6,1
2220,39968.01504962806,598854,0.044617468396499764,27086,1.3721571660926088,81.47987810187881,23.200998520835032,7,3
2221,37161.465229880676,439637,0.044184525086033107,16865,1.774264288462298,378.7900402849739,73.02805518270739,3,0
2222,39387.46607331487,423175,0.04331896583093757,15569,2.301159682781383,321.366253915044,82.54303959797487,2,0
2223,38401.65116577327,595628,0.042833443041616306,26982,1.4893696179002782,107.07101365784337,28.762310992550283,7,3
2224,39278.42527682672,584812,0.03743930397482634,21799,1.9223062205109487,180.04035637990043,23.691905657336974,6,3
2225,38617.39242731041,448164,0.040895769478340234,16040,1.9061169930250708,401.2826055125629,76.80103018774575,3,0
2226,9902.118303962096,26526,0.020612101832432388,533,18.842804987482968,517.3022745582402,32.75100089885216,2,2
2227,42121.71409720782,572779,0.040862293941593845,21898,1.549232023474657,382.78251190990835,71.41702797881489,2,0
2228,37761.645774491575,505437,0.04429597634644892,23966,1.6889334574227448,107.8434411173674,25.37716229857053,7,3
2229,36512.39499217668,597450,0.04072712621580463,24137,1.6253526772119469,53.08790960875551,26.238871662574947,7,3
2230,40917.207485927094,584114,0.03957730033451716,24082,1.6823307840714812,132.8466783046566,27.368099432592068,8,3
2231,3220.0991528744553,11898,0.014886224364244815,168,20.993627552705338,430.9024319580143,19.84857991511579,2,2
2232,3013.588702514181,14334,0.01616548404469017,211,15.031843570539118,471.92197652173235,36.267695078522046,2,2
2233,15151.076362319156,68575,0.02190955389444859,1384,11.67809498657154,521.3517730908384,37.165231833401144,1,2
2234,30490.21972477819,200348,0.02553856982201808,5598,6.374204407632267,216.46628569181013,46.1900805546659,6,1
2235,39502.27787274638,462975,0.042446684566429825,21243,1.8982962112646602,87.19359138064056,16.207657892311843,7,3
2236,7819.966320647054,31385,0.016215429535974143,467,17.759615872523586,484.9982478301936,29.794984729102698,3,2
2237,13672.10389286589,61716,0.01950273483076752,1139,13.1010436350859,494.2864708456423,30.6153251738125,2,2
2238,22081.76992576224,171177,0.028081922047642247,5328,4.832595655267383,156.62329299521497,41.87423872781147,6,1
2239,41824.956969835875,604676,0.0417536902988795,26139,1.627337377334896,46.86761018612883,22.346611092071438,8,3
2240,25195.354686790677,241294,0.02891861279866064,7490,3.79803883477614,222.59954399500424,42.54534284001386,7,1
2241,11107.251137211806,39156,0.014628096202466585,539,22.809557053662488,417.4346835810394,33.52650579253889,3,2
2242,39687.42469957342,445431,0.04237974292540647,17186,2.109584563088405,380.6316948706438,78.91077209072914,2,0
2243,34580.99482049241,465862,0.04309903205218045,21310,1.7774131547976542,97.39930904741506,15.862139471615617,8,3
2244,31632.045915168183,313840,0.027894702401964497,9617,3.6261143668050115,96.95522363282029,44.672437293695324,6,1
2245,31481.398465911883,230324,0.023711597192310464,6071,5.921151448598774,100.80534882819585,33.59638526390151,5,1
2246,28408.559980437145,223132,0.02465673381044992,6167,5.089405109582289,167.77483934009499,37.50622406785594,5,1
2247,40153.27966519199,465293,0.0461471815561627,18985,1.888146586957257,352.92305129960243,68.68325747494643,3,0
2248,14048.652943154428,98723,0.02017242752687596,1880,7.602252665303197,439.60698059036065,30.23044641800052,2,2
2249,39779.961527098836,632006,0.040679842215805104,26820,1.4388258120599549,78.65537330861157,29.5147565886543,7,3
2250,39410.39026190339,545372,0.039115015022762406,22512,1.7648775597282647,73.58244771870909,25.790733081893514,8,3
2251,36172.64825117084,439698,0.03900944511822884,17440,2.021122436189232,65.74552712776276,32.18052757396505,7,3
2252,8749.23984311103,66854,0.021140282956398183,1305,6.582565998698141,394.67513422404255,42.96638823969342,3,2
2253,35465.877216969515,480379,0.022683448173602586,11705,3.4681788982648385,129.47206307643768,49.29332155606129,5,1
2254,36342.09864334803,569700,0.03692947115618735,20708,1.848174950727544,188.66469271371113,32.02810719026446,7,3
2255,37193.536919539205,468622,0.042997675850917905,20061,1.875765502331281,109.81328154897095,35.96108774637493,7,3
2256,11098.107389881228,94939,0.015709179153709153,1334,8.50217398711517,458.9739525390738,25.763932466321666,2,2
2257,27502.63112585697,230154,0.03302479070195733,8720,3.3252025391399993,166.80578898903715,38.58329429293735,7,1
2258,44455.05342759657,805986,0.03995090203502243,32224,1.3729050936587137,211.9761266862741,24.516828686839823,6,3
2259,40855.934736358875,455526,0.041849936580360576,17110,2.0885742313131046,390.35191289342157,74.9273714101824,2,0
2260,35294.4296463201,326707,0.045310620551690266,12937,2.3257259583876166,330.4004671914555,76.19211430789287,3,0
2261,9677.21741717754,49707,0.016767123156966955,792,12.973321644693671,505.8649862466134,28.85707755840118,3,2
2262,33696.43514795137,484469,0.04299129298735203,21099,1.5939029037702888,143.6869089057187,29.965230877498346,7,3
2263,28602.685646766196,271311,0.02745325138231197,7990,4.395119089363853,174.19068722046165,45.13087709211354,6,1
2264,8191.560268885785,36058,0.018720188641137878,626,13.435960696358379,417.02827039097264,34.8613732266627,2,2
2265,28594.416689951846,302628,0.02845907510983061,9560,3.6792112498218814,190.69492970241438,44.74318239059251,7,1
2266,29114.582490128378,212190,0.02932053841779536,6916,4.992107241121316,171.41535041316658,35.07137677789753,7,1
2267,36308.891167292764,469077,0.04323522951031208,21335,1.7394571438169428,161.39592034384958,35.13256309078537,7,3
2268,40076.688487692874,515761,0.03970814515688226,20720,1.9397360619109203,97.51171647807575,21.204264375591624,7,3
2269,28820.9402896925,245414,0.026306596801851212,7299,4.911738582827581,200.3296498863697,51.91913247850894,5,1
2270,28864.74715457128,196804,0.029053939719621558,6347,5.007349169754012,152.30188162766498,41.111793958947345,5,1
2271,39355.86667885022,621320,0.03867889900039336,25565,1.491046739809513,63.15815002000599,29.02360724597866,6,3
2272,14126.387673823994,72382,0.019270857137320484,1338,11.019481544990297,528.5489783931571,14.608829336236568,2,2
2273,40210.34281814606,492682,0.04105333191605344,17623,1.9335951269272722,472.7347600716688,74.29373202827456,3,0
2274,37303.187821001324,479409,0.042194788822711014,20848,1.8816977577535705,125.5178902305594,23.153002848567166,7,3
2275,13702.803745642472,31086,0.02115234207673016,614,23.909253152040893,454.83414734690496,21.280755448974247,2,2
2276,43453.29091092612,616437,0.03979502132915019,26591,1.6319541667724144,145.52860602740438,15.794788499016516,7,3
2277,29458.17282749886,244210,0.0335974826616937,8871,3.889336718490685,146.83868878618017,51.64148234494802,6,1
2278,45200.52068332054,592421,0.04581394242694126,24543,1.6048235136043685,398.6017066718899,60.703591967061875,4,0
2279,40086.301234592,556162,0.0372211598893579,20528,1.9366446128299786,125.70757849704114,25.059150502418586,6,3
2280,41619.97455664171,512217,0.0423282982123934,19923,1.9045721651109104,378.3594610437191,60.90904906327753,3,0
2281,12821.54143564814,45932,0.018999301456310555,828,16.604714865819272,476.12533820318475,19.65492749569495,2,2
2282,35999.97575966087,473532,0.03699668724599001,17497,2.0507170352100714,76.4600835118766,33.89887959846814,8,3
2283,31309.07382948565,307778,0.028001188611437494,9893,3.5667612562345616,185.7227739357677,45.00441983706372,6,1
2284,40983.34675941313,436367,0.04261300780627404,16722,2.0042952749227037,333.63836634047175,76.49150550937667,2,0
2285,38089.15555953143,384229,0.04227960838358581,15421,1.895641793719997,353.57231992317816,72.21372719378832,2,0
2286,33846.65436654358,211570,0.025536197362705845,6030,6.069258037474548,171.74533070573125,37.9181110167206,5,1
2287,37578.14501022661,551083,0.038687481228128845,22701,1.5433865843064902,99.54231577669273,21.634424163420654,7,3
2288,11025.444209396595,51456,0.018366264199096722,890,13.678714401138878,486.9692748864304,25.805601623278317,3,2
2289,40108.9939383602,406637,0.040558081093500634,14803,2.3354555222114004,350.7530475083233,82.32167181431134,3,0
2290,40980.755864013656,671318,0.03566415779956716,25875,1.5967211532063392,86.37677724723754,33.66711288463848,6,3
2291,8372.98680311701,55212,0.01700735146819326,864,10.388748516976376,451.15755426259295,41.01185713294474,2,2
2292,42468.56518615331,574314,0.041698259813808494,24862,1.6511624732381485,10.0,28.203119027553075,8,3
2293,7240.620432433225,46728,0.018922285490620208,820,9.195612480060506,468.41040276410865,28.406306443832545,1,2
2294,41340.17761105228,512000,0.04291607451938921,23103,1.8908826997342763,98.18639550796782,31.27387662590545,8,3
2295,40869.781669860124,496446,0.041025158844595934,17593,2.1461140718971032,335.29403823114444,70.56817728176699,2,0
2296,39973.339319732295,618350,0.0417272072030197,26614,1.4776149171355875,137.1150946306551,22.5063332585342,7,3
2297,13002.180551126188,41305,0.0199134092928567,785,17.116809699695953,447.12842880012346,32.048753988925526,1,2
2298,38531.12928474319,441846,0.0454581227345896,18461,1.7089405669147157,364.35887381120153,79.12189145683833,3,0
2299,43720.337276284314,615241,0.04246378702059006,25796,1.7748024465337826,57.4477824127858,20.083926957677605,7,3
2300,8943.813025084954,77819,0.025340089812060963,1907,5.171428254986827,499.70254833975264,34.04919917234156,2,2
2301,26666.005259042187,318742,0.02429218933422385,8810,3.5066758251844488,183.5113764430038,41.15697475205179,7,1
2302,41098.069114285914,772038,0.04456880089042871,35431,1.2425006200000908,184.88773680579996,19.61702578212622,7,3
2303,10801.390213182493,45805,0.017044223699790775,770,15.470400738505207,499.5921676506283,24.76678555273076,2,2
2304,10715.989580438913,54790,0.0241475069112532,1255,8.939505464288587,523.608464864724,27.658687812453962,2,2
2305,8765.615752744186,80190,0.02234063352072676,1718,5.517904769389787,415.8117021537409,29.884312650082634,2,2
2306,35179.37587264149,380882,0.04352088967545715,14352,2.0801477023425656,399.7903849174026,68.93389336009115,2,0
2307,28133.478053075967,181771,0.02355724247592871,4599,6.646706879758121,166.42421324546106,36.1324846359498,6,1
2308,42716.46996803132,554335,0.041456322623413464,20571,1.7335270011809012,446.4121176884688,75.40177035344391,2,0
2309,6543.159769321573,26199,0.02102576426655413,509,13.57806839055433,394.49826143297395,24.62239443368194,3,2
2310,42444.69253221419,708849,0.0407542892901881,30261,1.5049223673912024,146.31799985753872,20.928314073732306,7,3
2311,29542.362381606425,267060,0.027755778581947874,8443,3.6687081780846933,95.13864156276001,36.21575597412719,7,1
2312,36549.02204452172,489489,0.04073617811921319,20750,1.7619082306382765,107.5346373154679,34.560173740693855,8,3
2313,12391.773593194803,76239,0.020835670026144455,1477,8.561728227241145,432.0933512208862,27.926522773852813,3,2
2314,10160.308306956358,39998,0.01945779361422713,730,14.594952240871006,482.96494734491057,29.984717925490244,3,2
2315,12383.775305728712,56346,0.015014584069194072,785,15.422334897425753,466.5533175329154,26.318968498917922,3,2
2316,7259.971321738057,36757,0.022890311093553703,813,9.90531552898712,499.6370134090392,35.67612227487507,3,2
2317,40101.71585899858,551073,0.04085826006561394,23820,1.762357825572998,108.4999884549338,33.21773088750964,7,3
2318,38403.684906620045,440292,0.04020771076063781,15769,2.040086021689821,357.63426387525976,64.87405838603995,3,0
2319,10078.149434297082,64999,0.02085972042862416,1275,7.879896815265211,460.86645900849896,12.727020015997315,2,2
2320,8090.185020446443,29894,0.015699954299374045,450,19.592398191634725,437.99531445771674,14.74601013661344,2,2
2321,39924.99229211958,506838,0.0404334502916607,18055,1.7205407825176986,382.215404148889,78.4665299558685,2,0
2322,8257.149344193538,19748,0.017385739381576518,307,28.4292316879086,461.2268085519927,25.576129087776145,2,2
2323,7259.931232927441,36199,0.019940001390720524,680,11.002289391155996,445.6046196737625,33.20810752844265,3,2
2324,44050.347578791705,601644,0.04219568833786985,26773,1.7175645272237887,131.00607605501688,24.612135965274142,7,3
2325,36368.562007857545,327232,0.043676505699385415,12804,2.4200165392893287,465.9157670499234,71.35149194793948,3,0
2326,40158.51929672311,508595,0.0413337828222091,18005,1.5611997949409184,350.2870273162869,71.08652953189232,3,0
2327,37214.50589463151,502116,0.04671842463225101,23839,1.5746520702368227,176.18991506046245,26.715384255025665,7,3
2328,33702.88610590712,542694,0.03677461435690769,20894,1.5530799520288372,152.6764220058112,33.66733975973288,6,3
2329,30197.551927944307,252215,0.028617737514771924,8233,4.225201178014623,145.46508120674585,50.203328680111525,4,1
2330,34036.957446388624,532629,0.03942517578432118,21800,1.6350547087613752,95.32748862795124,27.266211408528395,6,3
2331,39483.30699763986,536959,0.03999232797919685,22256,1.7051597371503537,126.30910569978225,30.11488197825956,7,3
2332,8888.438039645975,29251,0.02009403711613334,542,18.57280186642819,407.9821940240261,24.88040438995933,2,2
2333,26461.49102381756,182167,0.023530976833431673,4863,6.445767666817739,150.54534627854144,27.142494767800834,6,1
2334,6066.69168331733,26559,0.01784038563854516,457,13.259829106845132,505.2220836361241,34.14606995429125,2,2
2335,35001.03325399783,432876,0.04325149236375191,16890,1.6913579356166708,354.0247082633062,83.2461359278032,3,0
2336,36207.57461836911,481589,0.04137324242504532,21382,1.684687410528685,173.12181006158286,25.038592460807678,6,3
2337,28300.51332809173,287601,0.02421660453909106,7523,4.286613152124377,192.74147747157082,51.6862695276515,7,1
2338,40468.997507965454,714490,0.043169309701354776,32273,1.236748432530753,172.77942040615304,22.242202297911813,8,3
2339,41786.65419933827,643742,0.04296100223898992,28618,1.4871188420313728,204.7722566277115,28.509487867130083,7,3
2340,35887.68722678608,249843,0.04152452010556968,8965,3.318812362966926,350.9455279276058,70.68366817102162,2,0
2341,10991.357790001104,59783,0.024543094487093672,1323,8.425059981655542,390.0788146168183,36.07931164032205,2,2
2342,41157.27456091092,571994,0.040113666004940186,24739,1.6568123618654056,182.6534596579927,22.457474813875503,7,3
2343,30543.957065491235,255061,0.03150205807931065,9171,3.9323014626329886,163.12689803905388,33.85573721445914,5,1
2344,42052.62958823087,553781,0.042615514812655464,24617,1.8416137878332035,37.79024068736747,19.24401336085558,7,3
2345,28549.450174213165,191220,0.03216442433520509,6652,5.099568301451113,139.54155175057875,62.81284034584493,6,1
2346,15051.30124355159,65113,0.01924239282562594,1171,13.692123593837966,462.02943689412734,24.23346320287726,2,2
2347,11418.833962140108,17041,0.019606921004620213,308,39.353782651197264,475.3471689562589,43.62504377160047,2,2
2348,29329.576861422305,215255,0.026716587579666738,6386,5.245560761315452,155.02225553075226,39.87100461440851,6,1
2349,42250.06912548285,662749,0.04225495193403553,29884,1.4427574062768125,175.28130980418837,21.728097753543047,7,3
2350,37438.812658367744,580989,0.037170431967423125,22412,1.6379529605820249,85.81824310727632,15.864200173835108,6,3
2351,39772.02491245695,605325,0.03627514422459377,23231,1.765758629855468,124.21812069972572,29.754014640751734,7,3
2352,29351.781947106978,260269,0.027183841165967705,7801,4.626492289543768,126.64783540118984,50.02507274639012,5,1
2353,38176.29526458904,562040,0.038650715429119055,23339,1.6323423391557943,119.52794714456435,30.52814363414969,8,3
2354,5174.523569223284,23404,0.014313305952097281,317,16.285035594452534,526.0276317615554,36.85744052488488,3,2
2355,38404.04641813764,358762,0.041845668878441676,13984,2.3950678125095726,380.02723863200043,75.57281908540281,3,0
2356,3364.0742947289614,15350,0.01794554829599565,258,14.011629780758444,466.9941098255147,35.99389523139937,2,2
2357,14655.02700539276,49543,0.01842750427057914,880,18.450870368083677,550.508508896613,23.170398610932242,3,2
2358,40489.634595679076,666863,0.03691487291427788,25689,1.622280201829149,119.34608370760404,14.899358827661407,6,3
2359,39944.392431000706,350564,0.04781226283878206,15671,2.143281820633412,384.8137434526317,85.85570188179467,2,0
2360,29671.74384624839,261690,0.029210719392349455,8598,3.5980696099383445,141.41448220255717,41.80274483949534,7,1
2361,28649.82981929395,240265,0.026386141947022594,7268,4.512191066702876,148.7628909021263,45.90560697319622,6,1
2362,39440.81206032986,416140,0.03561026626508463,13017,2.4536593897357855,373.02074277230656,78.78320764004587,3,0
2363,41233.21132335657,645328,0.04252965084631928,27247,1.6395609016684767,117.91472253533787,27.872391411944747,7,3
2364,27967.97719412138,232516,0.02743528505120979,7200,4.763600249061325,206.13565738327367,51.87217197893699,6,1
2365,41169.64980078028,499497,0.03903084300036697,17573,2.07963907373106,384.8749430278381,71.75855906238348,3,0
2366,34568.22860162122,281590,0.025643833567917607,8074,5.309642588705645,171.9198172417865,43.867085790852364,6,1
2367,30021.943956767172,248373,0.026868300828261166,7610,4.681190740873306,187.22991032511365,51.171000257075626,5,1
2368,37894.68552255606,350315,0.03802137577797574,11975,2.921571099866907,401.3669909588245,72.2615773003891,3,0
2369,13768.881826493005,72144,0.020817339887177534,1421,10.530673727295474,445.1862556011145,36.63188006825002,3,2
2370,39361.197645508764,387271,0.044480153723312696,15153,2.117461912845891,390.2616672580112,80.5448093066443,3,0
2371,35693.28697008516,489789,0.04183223299665079,18424,1.4468743156464177,354.43788144155616,69.13095887651852,3,0
2372,10443.52362912549,20140,0.020261630717472327,378,27.839603636964185,509.18260693756656,30.843465271268645,2,2
2373,37562.6959270476,384058,0.042355638547772245,15436,2.0286432694193026,380.676437407359,77.27609325763561,1,0
2374,36740.40570296223,480368,0.04131301621984774,20960,1.676248661718744,120.35399426123406,37.77693603040482,7,3
2375,40411.50888076834,586003,0.034413962855270194,20583,2.003373204847585,82.66448843058943,30.963524628497378,7,3
2376,41424.416122147435,621661,0.03931843145818132,25145,1.7905798583641004,57.770433574694344,30.639913530458003,8,3
2377,39909.85237138665,483841,0.043914701957506304,21280,1.781633368096023,95.74326153688986,23.609870400558037,7,3
2378,7579.514506987482,27411,0.02000164037958435,511,16.284120983571324,498.7623829714828,27.602609582424343,3,2
2379,11992.076517750014,33507,0.017065778835778374,538,23.277910597524194,412.7462061042637,32.76693993289734,2,2
2380,31468.041338452953,190148,0.028352408894548792,5902,6.2291317743542525,170.0962002610579,27.334886737454063,6,1
2381,30798.404043218958,241315,0.0201577419209743,5418,6.910014354265927,146.89112553294228,51.455979232099615,6,1
2382,26375.395858786233,161003,0.024298189776737034,4366,7.206804840197863,112.47248904438254,28.924478695708938,5,1
2383,41191.64181611329,560066,0.03949910879371669,23522,1.7646817134390083,105.79427201971762,23.284443526726584,6,3
2384,38127.25221342542,480356,0.04446021151970047,18391,1.7377544299749972,307.17230755714917,66.2875897841001,3,0
2385,29617.20951031032,346764,0.02785811711882505,10787,3.1058255305328157,183.29260589090887,46.37157408239946,5,1
2386,38973.41612323031,452046,0.04448833985362635,18065,1.9198359898160984,421.7711236088251,85.71278513957455,2,0
2387,38218.54335802264,435689,0.03529390996330249,13755,2.421475858226452,340.68756624742895,77.92338192519527,3,0
2388,28648.699897251896,205201,0.02608831046274445,6125,5.186181170317802,163.48872335407083,42.26658463543988,6,1
2389,27284.20870195638,218562,0.025600529139210966,6372,5.033613926647098,195.95496561360952,41.176880088914494,6,1
2390,37192.02486734695,593282,0.037778694803612234,23846,1.5149862456354248,107.10886783396033,31.1119869533448,7,3
2391,16861.588113199377,117124,0.018571378891662025,2140,8.663881398551862,528.1775647818689,36.39232200981708,2,2
2392,40320.27820261377,428089,0.04297606712566079,17316,1.8834519639240113,408.22653586504043,79.74599508996427,3,0
2393,40934.83003480092,654418,0.038011717150149886,25862,1.6451477321043226,177.36874162625148,29.41475736229464,6,3
2394,5818.001147027343,33331,0.021337184097721656,649,9.823663506677168,476.1402406667565,36.9624013923053,1,2
2395,10214.643982492204,72186,0.014565804358308291,986,10.500622527745172,469.56090527517597,30.800941044882414,1,2
2396,40463.218295336694,522701,0.04513622718870917,21470,1.5572654468962748,293.78055225076224,77.94944536190256,3,0
2397,39826.661169179475,449567,0.04526942529692201,19087,1.7347154705116006,434.9776190977152,83.73446348412384,2,0
2398,36108.2843382619,480581,0.04246554471996181,21253,1.6254524343458752,94.35792478047058,24.235499219254,7,3
2399,34619.32652413894,393705,0.04580556378847381,16059,1.904366767132517,356.4019921607656,68.56335866517584,4,0
2400,33040.68289702464,338579,0.026168340583739673,9838,3.734681516042488,138.3802879089926,41.879214004987745,5,1
2401,36781.027845370394,444618,0.03822282193434411,14567,2.2247849621168068,354.8150903469622,75.90008931143265,3,0
2402,11415.599083525445,43235,0.017892450158437233,722,16.144313556884406,404.1963685835542,36.83031642385415,4,2
2403,37342.22219374592,338397,0.043882819053074534,13073,2.2950519235798548,316.89893936477944,78.51755990095499,2,0
2404,36088.36465013218,571429,0.041259567887341135,24763,1.5301417176250136,96.94682537012834,30.33318461034632,7,3
2405,38189.78177062575,582542,0.03653069018778542,21877,1.790189180057512,87.8498574235089,30.074903447831204,7,3
2406,38752.05191416454,523962,0.04311421180750442,23173,1.6332302107299792,88.12206249942605,32.51386431941862,7,3
2407,30685.185886207073,242302,0.03072299003348028,8365,4.186177865110159,113.33148280659198,45.44904817939038,7,1
2408,10233.02581309822,62066,0.020362818501271536,1203,8.686805282067022,493.8248008669623,29.352821550213076,2,2
2409,42304.509906624924,563559,0.04852992400847482,28568,1.497799917036298,105.29251585786457,39.352734540833424,6,3
2410,11769.095720857065,54319,0.025683638196391967,1234,10.353086806647585,400.8325210565121,27.38143717945788,3,2
2411,36815.752114411654,352847,0.04232550738392903,13826,2.3539398973356924,358.9948325255634,72.26006141122016,3,0
2412,41242.35481727666,435954,0.04542246507334349,16856,1.9997701242331647,350.7134977832733,70.58651870708918,2,0
2413,37378.54667117417,535852,0.039825295081522674,22713,1.6777801714923606,143.23406432091224,25.85485941853223,7,3
2414,42131.42243543443,682906,0.04229649605704702,29500,1.4835126079597025,187.6408806611266,19.191919011233622,7,3
2415,36429.74810936109,360496,0.041757337678619576,13720,2.241687980914539,456.6103518711631,79.48755635595248,3,0
2416,30156.178214582007,227111,0.031170019464752008,7645,4.335640007080345,181.6002142155217,37.43044663256177,5,1
2417,41059.50494229757,429293,0.04339581516467754,16246,2.024851505690516,404.9412975293863,77.65945400493356,3,0
2418,37070.45732011932,563155,0.04226245173246722,25429,1.5798855537054979,75.18672254643073,25.454434694256268,7,3
2419,41640.32744836223,624048,0.04142470418707519,26881,1.6629891176109561,131.50552185244103,32.27069086614932,7,3
2420,5339.895660595466,36867,0.019365622248404837,695,8.5324279806809,462.89533942737876,22.888166605444756,1,2
2421,11621.047947796204,54071,0.0180989768640284,908,12.607326069410924,474.48476212341234,34.58003882298159,2,2
2422,37306.009911467205,569674,0.04299681781999945,26711,1.5040781750914074,166.12826820750104,14.38988521518833,7,3
2423,10363.558523804946,35043,0.02182431507489683,733,14.089027204223445,427.0582965775587,25.346642681074794,1,2
2424,35553.37424083549,435806,0.04532276505169407,17295,1.7363815102484248,404.0336967875064,66.90053599102856,2,0
2425,37472.39038702117,601933,0.041243940605933525,26160,1.412755937408089,214.80006061018562,17.218468024079417,7,3
2426,26197.896250465852,205413,0.028895562427698265,6617,4.084432204997809,210.574060963724,38.36550687677899,5,1
2427,40695.194552056775,369923,0.03836796178184713,12485,2.5470111345270556,380.1578201836417,73.55809857064558,4,0
2428,34388.92832594346,191665,0.03245274418817818,6647,6.161755734766604,174.36975245469614,43.89715979786045,6,1
2429,43835.266964657814,569954,0.04023937637479372,23545,1.8054822035961953,156.35990560549604,32.55539808973456,7,3
2430,39140.760685851215,483316,0.038402967664678156,17196,1.852963995050673,348.0716291120638,76.05802013196885,3,0
2431,40784.17645543227,602779,0.04177466069693816,27167,1.5581140359418604,96.81164057066516,21.304546697368608,7,3
2432,8627.603631780134,36792,0.02113181086540305,762,11.510627946331118,491.3435344626973,32.21451537219306,2,2
2433,30976.414574678518,295264,0.025241568489890554,8079,4.37570201632317,182.83904986649944,39.49282212853738,6,1
2434,37391.60307289954,475505,0.043084064070418926,17579,1.8651403911843294,334.34264798478546,79.70194328537437,3,0
2435,40376.17863725526,468521,0.04529858469096521,19189,1.8276468848199299,464.68480856496086,81.74049411058257,2,0
2436,37800.11059374309,624866,0.04074933616221948,27129,1.3768803227190134,120.63043128298081,21.71048952405176,7,3
2437,26419.728771854458,281529,0.027608620612350546,8948,3.3449543810667692,122.70822230162763,36.692358807361344,7,1
2438,39596.380326686216,563196,0.03767940570344971,22470,1.7668608523500862,126.3560016684055,26.362901238488828,7,3
2439,33110.952346749764,462910,0.0411832298543969,16239,1.9477804885027465,392.1537569201924,76.47246466174703,3,0
2440,36437.47917604873,581512,0.0400761517094606,24649,1.463000177048678,96.26534737736768,17.077279225391674,7,3
2441,36375.51263950161,314758,0.026169211618140682,9421,4.522255196106633,102.6847440375511,40.862021891281486,6,1
2442,38435.61081720944,655921,0.042363889502900855,28489,1.4412680170685404,128.77930547931135,35.00589400552589,5,3
2443,41846.13020905518,530130,0.04186047577411074,22770,1.8928042494083606,127.455805963231,9.866616767739064,7,3
2444,38349.91036538845,463282,0.041635816082158335,17181,2.028505406206964,401.1833617208159,74.12784552725505,3,0
2445,38377.039933665794,548785,0.04178834492916737,22109,1.7994212275433554,71.42215233785447,9.22573891905169,8,3
2446,38195.31277985491,582792,0.040243742254817305,24416,1.5840649663712438,141.2253853991037,23.297427306190464,7,3
2447,8272.994288513144,27855,0.0196490544811473,519,16.466330700738478,495.1060184453294,19.761487752833744,2,2
2448,37047.305857107975,378913,0.04370772951623255,14940,2.1166190605276824,387.38623086812544,83.4636672741145,3,0
2449,42039.57743550847,455020,0.03726409089832606,14842,2.3155811007596987,417.21502953063026,86.63586928694373,3,0
2450,36093.85364211959,540019,0.04016616839648043,22209,1.5716397038898848,91.33495135344556,24.767129117334825,8,3
2451,35662.86912768324,517769,0.03362211243373145,18615,2.1598696345075084,181.36090804632173,19.831600432815762,8,3
2452,38052.03565342904,558142,0.03760778524615692,22228,1.719992953513138,155.73744406983513,28.019194761895207,7,3
2453,28845.951359920262,183613,0.025500021290741356,5079,7.107238776530134,121.652558376306,32.105380289804934,5,1
2454,29031.842437700532,298698,0.028025073361167704,9761,3.37345282962224,164.2702459053963,44.297284632657416,5,1
2455,31047.924323020943,244695,0.028104235491916527,7766,4.540083837929582,157.32492950948924,30.22774452315157,6,1
2456,11322.216836423973,49568,0.02128927659780986,987,11.573535173763426,433.11385876541766,18.49720390380944,2,2
2457,10967.4885625457,49962,0.021685445633012987,1048,11.689070904935928,439.6820601376502,25.0106781788188,2,2
2458,44978.26511318889,509651,0.04118721538538051,19352,1.9564746134344426,371.72459105860304,71.63706353225045,2,0
2459,13451.465054117985,37393,0.018493501358139076,651,21.77095385370181,427.61843698452594,33.82093488726915,4,2
2460,36757.54597458123,375491,0.04333472302170851,14515,2.2059068206894294,420.2035997486512,62.85811034936528,3,0
2461,2218.6543530261556,9362,0.022837962394553123,199,11.876168785642088,579.618835466723,29.55950727327962,3,2
2462,12232.706375339867,65740,0.016298232324892983,1018,12.427451944349508,464.5634984674945,26.8734375018662,1,2
2463,38546.186779741656,450275,0.04078168330019433,16027,2.065263112874929,427.98554785174963,91.13061035685968,3,0
2464,12426.915151828825,65950,0.020240929372181412,1222,10.545665059365266,388.5176832577613,31.613835942955888,2,2
2465,39484.43827518064,431646,0.04532081534685385,17535,1.7764555567243745,365.0237353961226,91.42287129870333,1,0
2466,4595.845867528587,19458,0.015312681094017982,277,17.45028424326946,402.8405830618373,19.253331913266162,2,2
2467,42798.170911435955,495377,0.04331144874619826,19782,1.8087968173314568,405.62541098013793,70.19079897252215,3,0
2468,25472.886675960315,205666,0.02768030123844012,6440,4.935628199263596,205.64924690188602,30.802090067819105,5,1
2469,34878.42445641384,477152,0.04022796507555827,19416,1.8496406923112547,95.58408539369482,23.290788848864075,7,3
2470,37521.78450041683,456289,0.038217614236164835,14987,1.9770055167242888,426.4168649536995,73.35047733388029,2,0
2471,38032.59110702334,547987,0.04075180069027196,22878,1.69039896858367,122.89174474453137,27.21156811774395,6,3
2472,35201.0086489488,258461,0.02883803957612309,8690,4.373918686889021,148.5018211870047,34.66445500502026,5,1
2473,34609.561275943,361092,0.039905313810111365,12448,2.3561045652862,401.9479082435517,75.93754317356404,3,0
2474,34297.60366914159,357322,0.04672704418849742,15319,1.9680443754017816,364.926288022741,74.34723440192866,3,0
2475,31637.08953872631,244338,0.027775806790030777,7579,4.828643654866041,143.0219685691785,30.076559124638123,6,1
2476,36840.4943662574,472781,0.040413779681086365,17694,1.8603165322345043,363.0372146167989,69.54526199877489,2,0
2477,5706.654342739405,14565,0.02244842595664701,297,19.467740031539712,401.42181861353157,22.40654728310025,2,2
2478,29688.289999663604,226811,0.023543820687473196,6151,5.604086656515933,153.55090738858416,34.03822220632625,6,1
2479,37621.397236430865,516729,0.04074197095420629,21424,1.7776446226678304,153.52255040730654,38.14115987727767,7,3
2480,43001.274140126705,657388,0.04483811514099742,30710,1.2650456552185216,96.85307150241636,41.99575395613617,7,3
2481,37601.04571953374,425720,0.045054573442745646,16708,2.0600852704765966,331.48172751172393,76.528342043204,3,0
2482,6477.455175771968,39418,0.021139145864255256,760,9.345722500094443,514.358042999408,56.49513763462644,2,2
2483,22279.501062733136,211715,0.025226407748855748,6251,3.6970010340468256,214.11123512329164,41.00394805841469,5,1
2484,27060.14798459306,198163,0.024241738655067128,5432,5.775940052255243,196.13205337221024,44.95880822442957,6,1
2485,32368.4967954118,471282,0.04248418596638609,21295,1.6002536727962133,183.2268369071319,21.06174101223296,6,3
2486,37661.33056298827,443533,0.04436658655073283,17754,2.0541930954380136,360.59295139958783,69.9117890357233,3,0
2487,31003.089473612472,255166,0.031100165307434417,9185,4.059362226079617,151.7499173702585,51.327573041548845,6,1
2488,37495.32997218744,361076,0.043516825821894006,14024,2.218919191443844,341.93388951340313,76.41156121110643,4,0
2489,31635.110091341758,320868,0.023918521897276473,8531,4.27941375718578,169.7855624191137,41.53613710923918,6,1
2490,9662.436384497252,41776,0.02283111564624856,897,12.335200709383093,478.5815766351802,33.689684407746235,1,2
2491,44699.14152997969,511165,0.0417957625264772,19358,1.9112692595775176,351.42134241908803,72.4469632900186,3,0
2492,37341.02161639815,407804,0.04537770503864369,16274,1.858791560617317,369.70689998783445,71.7252046900715,3,0
2493,10781.76545779638,31011,0.02120566962404372,617,19.16791872095661,466.40671789022286,25.682475516154728,3,2
2494,7896.001161687598,17620,0.018646474159156455,322,25.57598472965775,525.5271911624462,37.854818138857546,2,2
2495,13142.415473722633,13189,0.02435472265651263,293,47.73378418743406,488.696145600299,36.73678308339713,3,2
2496,29115.87911353112,244592,0.028075867087955828,7854,4.300849830063881,170.06094630695097,32.18056109167924,5,1
2497,10058.964032200514,54762,0.02313357183914319,1194,9.556144517591616,439.3880325854586,38.3485008379205,2,2
2498,24025.28906791179,197591,0.027576196903804084,5913,4.630859599860267,127.32579054923231,23.755868475151022,6,1
2499,8136.59677360202,48445,0.017588953655089036,789,10.987899830662748,542.3458952806419,19.949219495946814,2,2
2500,6700.81535523105,42668,0.019890664880913664,743,9.655976951220065,521.2081954692737,28.009321164355665,1,2
2501,38152.55080462036,378435,0.04237007024635648,14520,2.1994903528497995,434.8394475066251,72.51966570462476,3,0
2502,29412.48879723974,324119,0.026943040790144798,9513,3.467492943833764,236.44380315962746,38.161832101464945,7,1
2503,37186.92354881422,689026,0.039329804617448096,28150,1.388569847289136,164.49272412542948,33.21100839134018,6,3
2504,11730.117540721885,62617,0.020605150519041545,1157,11.522255661925902,492.07020020296227,22.213416546401174,3,2
2505,22394.42004406744,166321,0.03076434036930943,5616,4.6368282798170775,168.1899955102808,32.08946449574112,6,1
2506,8256.082393391363,32197,0.020787738185585096,606,14.755268948206796,407.5254313315928,29.54871553695188,3,2
2507,39195.92621607356,340987,0.040923927030425356,11728,2.7402834790962567,408.7626567185082,71.10441130968206,3,0
2508,14434.284764299155,110878,0.016453049249580125,1776,8.9719182574988,481.5348341741865,34.80695722384869,3,2
2509,36277.85504732139,369288,0.02608860717108323,11037,3.987834736638805,146.0431459906321,37.42133347483256,5,1
2510,30050.76832895554,196352,0.027993493472777208,6350,5.663713313413505,174.42771917909081,35.417373380900166,6,1
2511,10117.431553427907,45641,0.022338141953386133,955,11.58675186694244,480.60489667926186,34.543253427351864,3,2
2512,40908.13367420763,404917,0.045322577645961835,16005,2.246864823252899,369.7130086479749,77.72286550966545,2,0
2513,37302.92881934817,436200,0.04186512662886054,16304,2.110961479655722,301.078318772006,66.41785958618757,1,0
2514,26444.97454223939,170637,0.02897326209631907,5505,5.6848258350134335,126.64645170367896,42.41781048764031,7,1
2515,28045.337453918524,276257,0.02498649093658765,7706,4.296162085725201,220.4507727405708,41.21759295480313,6,1
2516,7839.006877630198,48147,0.021515499459879347,970,8.555393634023257,477.80637717570755,30.212965527040307,2,2
2517,39973.83637420652,527192,0.042749669497443014,19141,1.9725013306745505,319.8715678986822,64.009113790802,4,0
2518,6554.503464259264,16941,0.023957606292764652,368,17.943865023427374,513.1372704670881,29.931801680939884,3,2
2519,12674.916457379866,92051,0.018453208913318815,1579,8.47240413701625,482.1917043191189,31.36019047105983,3,2
2520,6055.832678249347,5128,0.01963478771313147,95,67.39754307972352,421.2434902795853,36.84710348631164,2,2
2521,38706.19353591723,390181,0.03786260201812302,13170,2.375961737341729,421.29782945547834,77.11943108515922,2,0
2522,37084.464967435255,545626,0.042095096146925734,25273,1.4679816949640547,201.9756492132418,5.778333289005902,6,3
2523,36390.934267831566,295016,0.04542864198906205,11868,2.712554088601115,378.0836847071158,85.23648410163518,3,0
2524,11735.933578167926,50177,0.01707004783641397,787,15.704702485197247,441.21948898040796,27.29844108846281,1,2
2525,9235.120671549397,28539,0.02402939119862106,644,14.137066533783218,430.9417254457373,37.87802412801705,2,2
2526,40912.80545455538,517576,0.04433729278651172,20470,1.632389050500728,397.4490718855039,80.14927381098731,3,0
2527,38329.542937561644,291427,0.02075805187025861,6767,6.638516698615333,149.5007213163437,41.92113291601963,7,1
2528,28175.627778987888,231263,0.02619204877432353,6768,4.564690456343077,123.95623894930502,35.003257718061796,4,1
2529,8352.156244519581,40082,0.018941145903273483,712,12.779101786047319,360.89116742488267,19.896262506033892,2,2
2530,36294.71913120343,534407,0.043304367226324844,23526,1.5447233511617475,107.16165294667981,23.19595519704947,7,3
2531,8637.57425109539,35921,0.01894310007214117,640,13.822635723192695,407.2925144854258,18.42931048948685,2,2
2532,29132.68581025348,245050,0.023250267959918566,6405,5.5168892554855455,208.77989023692612,48.162540480358416,5,1
2533,34293.793585150495,365166,0.04206578682822602,13939,1.9261982223421839,433.6496713668991,75.89540782436521,2,0
2534,25452.479985497088,228950,0.02514592044254206,6202,4.922374528361903,140.01955345401535,28.735319931720692,7,1
2535,38029.56975480805,463894,0.04411974056330808,17608,1.8923622711937778,349.5224860845274,74.92710230606656,4,0
2536,36299.301245933806,453308,0.0429528397045095,17436,1.7182098647417716,364.6982320110434,74.56969147769567,3,0
2537,27850.573475051453,185390,0.02410169765773968,4942,6.476023073862868,175.83086951268876,42.833895728944995,6,1
2538,41322.226159706544,695370,0.03953178051947805,28292,1.5273968378578904,158.38688512154573,18.722390342718327,8,3
2539,29153.084877783844,212450,0.026865266788435732,6490,5.127050739948483,213.09874771828854,40.836594302835,4,1
2540,11106.028645516904,13521,0.017590804996818817,225,52.93194032212364,513.7896088505772,29.26978028465948,1,2
2541,38412.00532404032,298363,0.0426281795403017,11681,2.920493753682231,343.7383806990076,73.53538543766483,2,0
2542,1693.4454286560408,6828,0.022914745375786513,142,12.196888414757346,489.24108058618094,34.92634824855394,2,2
2543,29202.063567913807,211861,0.030855635373623208,7441,4.500752461801387,193.62058411025134,42.82500621627668,5,1
2544,40409.7975323969,686317,0.04076771733775916,29014,1.4725236307864422,73.14935664088748,30.580648681959715,7,3
2545,29975.111000478322,193348,0.02980592140802689,6493,5.103926591260974,163.29136311150742,40.10910467171648,5,1
2546,28753.086830066582,253621,0.02704887536265841,7618,4.511270350579165,85.73947408747219,50.73338277857893,6,1
2547,30094.593032726636,253034,0.028492692015959303,8261,4.046463467385392,151.4767431144089,35.32945908736495,6,1
2548,36350.13248266723,409808,0.04343434144729481,15605,1.9352168511925667,337.83900735809124,80.17825020160558,2,0
2549,8556.651244633977,55682,0.016042112662964354,864,11.024510006975412,493.9493249076317,18.220884025662805,3,2
2550,28168.5225121957,243532,0.028179452936469944,7853,4.409788116877683,168.73711027125165,36.14355855647309,6,1
2551,39488.3025067762,535201,0.04511068278371333,21077,1.417571945554019,358.907821199557,71.36793376486588,3,0
2552,37167.5019050821,358400,0.04549935790083394,14699,2.114112679400715,359.21760496555936,68.40135759132198,3,0
2553,39691.2507217565,492703,0.04261944311462094,18638,1.7877324023978478,383.17886503135855,69.3805413322862,3,0
2554,32238.63576430542,238276,0.029614093801535506,7892,4.620568258190722,134.24142103470274,40.27559202334384,6,1
2555,40882.39057391194,690865,0.041929068399297345,30876,1.3432661664829442,126.52756846177064,23.778747934744292,7,3
2556,31619.203731026595,328393,0.027964501683102057,10427,3.2668166620281758,167.26557606062693,37.98588418668088,6,1
2557,41797.10445154994,403818,0.04265708919978031,15641,2.3576792926509897,420.7477372448297,75.06913072586548,3,0
2558,35291.45766094146,476369,0.03704231562457138,18713,1.856233216311458,136.4377847772978,38.28243193093222,8,3
2559,9975.516147123075,47937,0.021445551255047587,981,10.451039662669872,354.7517546791232,28.889339171765382,2,2
2560,43034.60054934454,389639,0.04604726892562853,15047,2.4007687528744017,405.91639035621483,72.42661384495585,3,0
2561,40581.85309768545,581397,0.04034391685422862,23453,1.6055081191887488,149.08961193178408,23.781973632618175,7,3
2562,40394.27136561712,596194,0.039477978725797405,25131,1.6510744803788078,109.24590931581031,25.843291072441843,8,3
2563,40007.38790939392,414000,0.03763191122676024,13496,2.3704210533697307,429.8086772899305,86.10783196205556,3,0
2564,10391.383601019475,58116,0.024182544802688173,1324,8.185114803193594,440.5683571948131,22.815549016950076,1,2
2565,40372.90743588745,741327,0.03989647999067102,31200,1.318116627447042,80.49769413811528,32.297440095185536,7,3
2566,39053.96027480225,397743,0.045312489861214986,15750,2.1703606415501775,391.290413667953,85.59024214604143,4,0
2567,38953.0441494419,430587,0.04187859103018896,15816,2.0518695258897397,413.1033945293654,75.16578500214479,2,0
2568,9695.815808390545,41325,0.01980781237037422,775,13.952761103125626,477.7840679862289,25.024449413669643,3,2
2569,38821.532477679975,516429,0.04364488140371953,22859,1.770352568095541,137.22353052818409,18.426150239131676,6,3
2570,29095.342792426167,294211,0.02736044286591182,8888,3.665273619768035,125.03440101671886,44.844925701011974,6,1
2571,28605.42642243477,197645,0.02499393557499642,5537,5.806303158180729,163.9156541998557,43.4333249218404,6,1
2572,31918.132041986817,204904,0.0270551264906225,6057,6.241748186594186,99.92797151398047,55.79018242711129,5,1
2573,3064.652670290456,19035,0.01981746439924587,366,9.245122986093252,490.1001548585177,32.27412711356663,3,2
2574,37913.19751096082,395862,0.04652760915024445,15947,1.9365548761852323,369.37072005820204,74.51695790885395,2,0
2575,9043.65111010634,56532,0.022228979203155766,1189,7.361647684624226,488.4853584492018,33.47332635492876,2,2
2576,29265.262924262854,243331,0.028386346987785728,7421,4.624181658287468,247.88132523701483,50.40399999108327,5,1
2577,25295.848167911285,236745,0.031895023752470254,8401,3.5518617499382024,146.02053324768448,34.5416715290755,7,1
2578,13093.664955139962,43554,0.025172728486967652,979,14.428760831157035,563.0624983021859,18.762843366034204,2,2
2579,10084.610977025148,60663,0.0206972136470705,1184,9.127624727106248,499.7452069885369,30.216572339672503,2,2
2580,41488.610492607986,578562,0.04441124552292579,26638,1.5234012313571572,182.20730693582593,31.69357680753991,7,3
2581,42352.38826687555,540712,0.03664917742209472,19996,2.151969432053963,130.29648123827667,31.071665164505983,6,3
2582,29463.457746748772,257182,0.027241073636985247,7908,4.208709363790372,153.08169874420994,51.73624079125829,7,1
2583,11054.928629697553,48252,0.019414057278542483,937,12.095641600103285,468.44065210578225,32.67285266123747,4,2
2584,39296.04384370975,486990,0.043092285151914766,18592,1.6596040797813298,367.18388684564593,64.50546522678866,3,0
2585,6947.249815642562,40842,0.016410606908245452,629,11.979157050887462,474.2977925426402,37.950653765547855,2,2
2586,35591.04915591475,339035,0.040980490018973796,12923,2.269299499190782,326.95317010371934,76.16600038889196,2,0
2587,8455.001962776507,26507,0.021146522709246822,542,17.546526226261573,488.80434900166546,36.48675486557974,2,2
2588,36792.99379120798,525585,0.03769560996209393,21172,1.8260746716595346,80.31777043026308,31.894605649720358,7,3
2589,12723.901061343826,79493,0.018567602782667295,1376,9.879045555960774,428.58459603969817,20.19217181558881,3,2
2590,38092.40542072675,401469,0.042635197250385275,15416,2.0828093011112685,382.07075547764424,77.83182502708628,3,0
2591,34480.86086415511,451562,0.04661205950035835,18411,1.4603169941187468,400.1756252343916,78.95334943747127,3,0
2592,28363.35622487494,260434,0.02817884862957177,8093,3.874869580210114,135.88619370916118,40.3099834335817,6,1
2593,43449.74197264987,487701,0.04023480396980417,17077,2.2833897884031256,357.8685165442605,94.350089191568,3,0
2594,23411.740784175152,205764,0.028649832700589496,6403,4.398552074105965,136.9181111151955,52.1801639169992,6,1
2595,28980.94363037004,184489,0.0252338022415589,5169,6.3130560588620765,129.3360236509511,36.9940177466642,6,1
2596,33155.26365588399,278046,0.02868884910188469,8874,4.366362218994754,234.31383056307396,41.05998356310829,6,1
2597,11541.842050343173,30294,0.018409363478279765,526,25.306891156449293,406.9828116377551,22.10383884557903,2,2
2598,29829.99287178212,307678,0.029503766259863153,10180,3.444991641924827,217.49574732068655,33.73143702889835,7,1
2599,29638.19923298104,207911,0.029261442534327615,6690,5.367168060944319,96.30936267539454,38.348350044049404,6,1
2600,10511.062383276992,47785,0.020838063704846622,895,12.440368733956662,503.29926202547875,23.992729971746083,2,2
2601,41171.216292424084,575437,0.03805717965133394,22795,2.011165527215915,69.78439376920767,35.312689231315744,6,3
2602,7393.196992041468,25865,0.021455272752795507,512,14.293429724500044,447.37512705277226,27.43350310372867,2,2
2603,9177.109599960722,41873,0.02174368869084363,875,10.322759107691256,401.37983428629616,31.293200508014912,1,2
2604,39826.441152411164,654441,0.043127683160051965,28629,1.4670476519400684,136.1552968389012,35.61139662951411,5,3
2605,39396.03624793588,408125,0.04465190955831729,16163,1.9579841092218642,449.67290024759853,83.43871644848181,3,0
2606,40498.91607459806,461415,0.047603909747317874,20421,1.6802073352877034,398.6040987908559,77.64066526269634,3,0
2607,10091.196119020362,53995,0.020006166648492363,997,10.245539256694558,492.80511553605965,27.662138160710743,2,2
2608,34978.71274772177,533359,0.03796485524199729,20540,1.853228159981362,62.470208205383486,26.062889553587333,7,3
2609,10039.510441361535,80211,0.0197596340800915,1393,7.0277432956239005,507.36853550590763,38.4775902262007,2,2
2610,8589.805619417739,29845,0.018550881278870054,524,18.261781868203975,466.1195472038903,20.957873080730927,3,2
2611,12744.992071547054,46484,0.022413738362044314,956,14.73686414665377,509.8827319930459,29.008546053387622,1,2
2612,26450.549975590653,137825,0.03204351836763952,4944,6.037330025284469,188.2292690620585,36.95884634803948,5,1
2613,38255.42389073025,441090,0.04454149934374883,17478,1.9051414293010187,341.3633903910816,72.69771392746627,2,0
2614,27552.42976370539,269393,0.02489383266660672,7450,4.42132113379333,231.30635854009248,32.29915854077402,7,1
2615,29448.852109786218,252613,0.028063203365195626,7910,4.514995708019772,170.81222320658503,36.50375902794024,6,1
2616,5336.389583103166,25774,0.02081944894782488,517,11.306037456437618,434.12165456725427,23.45684770362099,1,2
2617,43884.91025648546,680814,0.03615688230839641,27316,1.5494838150657515,219.93163117515348,35.70027741748595,7,3
2618,9015.457851021716,17810,0.021542389850874824,379,24.88358841898468,449.45927428028943,42.7211349333332,2,2
2619,45752.992047692045,501472,0.04125196850900691,18572,2.0213860929318925,390.01906353692004,76.01486288699859,2,0
2620,42519.42913393654,447466,0.04164468123418149,16397,2.3465270888266905,390.6003474421567,89.8755685513896,2,0
2621,28456.811245396242,236689,0.026663837905802304,7283,4.382481918902845,168.11585805578127,39.02478801988707,6,1
2622,38006.88019813428,385817,0.04267758775181996,13874,2.3600226595657214,399.7940897814126,85.03983475543183,4,0
2623,9701.275472666935,46864,0.021166025991285357,906,11.36292893242974,429.4977581337843,37.68929220667698,2,2
2624,12109.468043355619,69349,0.021679881604528082,1430,9.315711832963292,404.6656926841454,24.12527130910489,2,2
2625,34936.55271217591,387132,0.04118371091569594,13723,1.9809816714155049,416.96985147097496,62.29442454946865,3,0
2626,6247.039247067125,20887,0.014885151200457967,303,23.552877923534503,429.28862587378956,40.97715067397431,2,2
2627,11665.724359069383,59723,0.023698013041391804,1341,9.521725666977222,483.4667000469644,37.91038647706545,2,2
2628,8213.822516118085,31357,0.02307557133900717,665,12.522869319952498,543.0786231908594,21.541427762038154,2,2
2629,7361.778795669665,42081,0.01643088093573296,650,11.880584792704758,431.4551753040161,33.12853286724933,2,2
2630,10108.04173089563,38410,0.01634950367018758,591,17.911188273200676,440.5887695908007,34.01186278195456,2,2
2631,41613.13447234033,594629,0.03783283261250817,24015,1.6555613521380221,66.26498416485816,23.526468576071252,6,3
2632,9434.065912620381,36061,0.01984895322130735,670,14.743857663989743,429.66827971958816,23.81233585775167,2,2
2633,13223.734325571637,57868,0.0195406890225671,1046,14.603302737434856,403.2316238882267,30.53688516660728,2,2
2634,38521.93454782757,603183,0.03969912407783912,23976,1.5073976542970422,110.32428214523209,20.100583026583468,8,3
2635,27964.160722351804,233078,0.02626910435503691,6732,5.066858682245621,222.41934821921825,36.42016691193012,7,1
2636,28564.669327893276,277296,0.026250744676357095,8173,3.964018486294849,162.68652042209334,42.00259533321978,6,1
2637,28175.99473275527,265848,0.027907411632536502,8320,3.967111706289194,144.7520731932226,42.644336314102326,6,1
2638,36417.02641930539,308428,0.042160034724060755,11533,2.5802054709505753,306.32135017562877,88.85342023536384,3,0
2639,38779.18694360704,583609,0.0411131035191375,24328,1.4987850095807211,122.17695138591526,12.796507896200287,7,3
2640,36403.728246000814,378634,0.04523784533264035,14813,2.291464915205059,375.8511646750703,69.3932665715916,3,0
2641,37931.75812874359,473590,0.037667699886273304,18308,2.143412239366234,204.17681451274106,23.909637871451782,6,3
2642,25765.975937506846,183617,0.02696719560536546,5273,5.203312645316927,114.19041557971674,37.696039277679944,5,1
2643,26042.55770380293,219616,0.025237458661700754,5719,4.73544791511211,225.34817509490108,38.55227508513681,7,1
2644,7388.151385165842,40019,0.017955609825149474,659,11.349282997097006,477.19759602208154,29.175409391156926,2,2
2645,36945.62112100389,639787,0.03922835344786965,25868,1.5508504633965274,92.98756855000117,26.79245851131124,8,3
2646,37458.36556674692,397473,0.043659675347052986,16140,1.760878317604699,441.8995664488221,78.39072668591372,3,0
2647,8058.246609885889,37560,0.01971835803667736,670,12.77982279408005,489.10724031069844,35.634969724829254,3,2
2648,36330.61232999212,336757,0.023672688965426292,9015,4.390869410689508,181.0953758170993,43.734534893913754,6,1
2649,30630.486072813117,399611,0.042089906457943374,18222,1.6940721298416386,93.32844908823023,22.786948846065126,7,3
2650,26307.211630432794,205954,0.030053009210354177,6768,4.293864819492051,195.2181720756774,38.67955979300266,6,1
2651,33796.12838187551,298630,0.028964175688970542,9331,3.8191577473132354,124.81713659222282,42.286219077045615,7,1
2652,40979.3732405072,626165,0.03888308668672136,26112,1.577996038339454,88.21088851637838,21.24009381148189,7,3
2653,31889.813833880286,197034,0.028338814626368898,6310,6.280029944732247,167.24081509422857,46.527305934122126,6,1
2654,26572.507939555057,191546,0.02682868712102498,5566,5.647024696959469,109.05665903274671,40.078430402457855,6,1
2655,30660.954598510423,243270,0.02607125464927061,7277,4.772651319362509,140.41676323234415,35.6885784527403,6,1
2656,14385.624206661987,84982,0.020298323057916,1686,8.867000959473312,450.23839194813974,23.517563012535152,2,2
2657,24508.183588271033,213945,0.026005495753330922,6105,4.551035989725127,147.9714018920027,33.32792428651382,5,1
2658,39822.65052802495,536526,0.04332458346209082,23831,1.6680007460565855,166.22054014511983,25.506490087776722,6,3
2659,37398.65048203181,534311,0.03985735706076273,21756,1.5894409184966674,103.28670757983902,28.54074856487565,7,3
2660,31340.786216673543,205502,0.024704597596659293,5824,5.912524842827847,165.3775263774691,38.94334086759644,6,1
2661,29624.15439915801,169194,0.029655977464508446,5544,6.458133392350568,161.48923082930364,39.20859470736799,5,1
2662,36932.1451555973,572560,0.038744701447161745,22426,1.6305719405141879,147.99065698193684,24.42530680668133,8,3
2663,13886.439901851196,62812,0.02235344991629124,1312,11.766156540533832,451.55720414505896,18.09321331952009,2,2
2664,25700.548859580253,250173,0.025608186763161594,7032,4.515324316649384,151.2518015749104,46.35473780933319,6,1
2665,8352.05089250303,33668,0.0184167782462142,603,14.373549032220312,404.18748581106775,31.846627851379207,3,2
2666,7175.4552608087,41957,0.017823414519945655,680,10.787178743169497,432.5439540298102,31.5400907353435,3,2
2667,4706.291845202555,12506,0.016916954165803216,203,25.054470002797995,471.57062662195915,25.966133376680045,1,2
2668,39841.13144373347,383778,0.045079675376114736,14967,2.1637538557380727,425.0797103389489,81.01833593437104,3,0
2669,10391.59330858094,48190,0.02068361986617386,971,11.069008672898173,531.766217919991,19.257931553013538,2,2
2670,37094.46732831182,480049,0.03905457536466795,18823,1.929714526629698,126.43702106234554,33.55686724792226,8,3
2671,28626.729841420027,228556,0.028328565819740553,7272,4.178880590464563,165.7603731584543,43.83728361212809,6,1
2672,26472.29044536667,200997,0.030140101979844125,6903,4.279557974366266,156.43283900280252,28.64301432274195,6,1
2673,29365.089589738676,190351,0.029222643269389517,6400,4.867100190811339,213.41911319219705,31.695948800907313,5,1
2674,42713.234783716114,567335,0.04124063570169103,24144,1.9050112964621655,142.972894303961,22.97238122713822,7,3
2675,39994.10884517384,430281,0.040489257738499554,14825,2.271619775239868,474.8163738505232,74.40148005735512,3,0
2676,10934.842189129356,62194,0.01894890970084812,1116,10.538254977342426,378.09257009723655,33.64628816354303,3,2
2677,28840.350542274173,245537,0.02507332769782951,6988,4.4461056681237014,124.30233183341767,44.78905553516944,7,1
2678,42675.40894319751,529196,0.03914819562645513,20720,1.981935463208982,65.31480517022095,15.680949842431296,7,3
2679,41097.23842626115,422592,0.04123032954861292,15891,2.2962087827847935,375.0367529791136,76.28839246407686,3,0
2680,31553.500079741847,227509,0.0268963008703478,6790,5.202142152132446,187.87946733031265,50.661740316496484,6,1
2681,44256.794825836,616165,0.042698761484687,22588,1.6858565535869714,377.73622768870615,66.37285744152204,3,0
2682,40325.61039026618,732151,0.039856608387885316,30084,1.2537018150834813,114.70730645002342,23.763009489748352,7,3
2683,32332.89820638407,328722,0.04197108086384925,11975,2.2271628247079835,325.1923793656402,77.97269869706528,1,0
2684,8122.2087089424185,57993,0.019094101881982507,1031,7.4556041527861385,506.50326241646803,35.89939947668649,3,2
2685,37226.57490935725,406873,0.0417735627184337,16027,2.034133171529774,380.07547565183853,56.63837701949371,3,0
2686,7661.947144630756,41160,0.01876204377714131,705,11.085515521554543,444.8034983146349,24.93738230043635,2,2
2687,37051.43992369637,547630,0.03948509228574469,22668,1.7438719088816967,127.65905333173095,21.378788406228587,6,3
2688,28768.560711636575,284970,0.024880843131961074,8006,4.275131346850116,161.52535008888592,33.18590296791679,6,1
2689,24045.744339313293,215671,0.029385094489554793,6966,3.9469786583641975,136.6921542305774,41.10043316544977,6,1
2690,36556.60392487235,316521,0.040905853117453185,11850,2.3871109644310606,373.56604742201614,70.5216084638004,2,0
2691,39809.48422892189,625713,0.03764480523902177,25399,1.513028320805854,166.7174873792173,18.594511340524168,6,3
2692,41821.34349218472,692856,0.03928889736652398,27113,1.5658483518833661,156.73268938643193,13.311885175593178,8,3
2693,29579.275728071207,290411,0.02960406395698821,9469,3.423773211777677,111.16860290807969,45.300812522559504,6,1
2694,4402.50514460108,24398,0.018416225991583192,430,12.20110689741624,437.24417062326137,23.71451883546572,3,2
2695,39526.76953427194,524059,0.040903277476904885,21774,1.7584559322110185,165.29260904201277,33.2867560533123,7,3
2696,35402.02379748687,575904,0.04291127010442052,25075,1.3655700046222037,129.81605003217737,0.37931370667906306,6,3
2697,36719.64354411272,593714,0.0441719623861284,27347,1.415157753339064,135.96900072683192,33.57065833461774,7,3
2698,40990.93196739591,680115,0.040983160271664466,29428,1.2745746190979779,134.00192731974352,36.93889858129445,6,3
2699,25585.49262040021,163306,0.0296099232144742,5415,5.195773586275692,212.73105091749778,35.19885749582611,5,1
2700,8362.966017577324,40850,0.02265079053961048,862,10.951262742829453,469.0055533341795,27.77788273637772,1,2
2701,27501.1806939106,189780,0.030800277744284704,6649,4.760486978442941,83.47828475716604,49.55618736604959,5,1
2702,33177.96981410173,443249,0.03974082060011315,15910,1.6691510037654143,421.1280195912131,86.76324717077495,3,0
2703,34026.011839959756,535175,0.03899855281018524,22010,1.6027416122228546,152.40041921913402,25.146039288105072,7,3
2704,37519.1982022148,641923,0.042509717786002925,28240,1.4789700463748328,106.25377192217388,22.05694874118944,7,3
2705,44034.04214597401,676688,0.03615572429882705,25924,1.790018256920558,93.72470412466393,17.459201859530875,7,3
2706,39644.155692022076,459419,0.04341156736387982,18678,1.725352041404349,398.45236708817595,88.49523284700744,3,0
2707,36347.890674248636,406522,0.04038878922350325,13867,2.262975114169753,336.14516119104155,73.99955867487334,3,0
2708,38928.9393786105,456630,0.03928945462059532,16372,1.8859538987415478,361.80375628947434,94.4846861192368,3,0
2709,27733.566573540535,291570,0.02740152015860261,8821,3.4669877853298234,82.5159098390116,32.86606006614633,6,1
2710,30753.254506756668,225994,0.026476942521821895,6933,5.203483523621492,204.97665489060628,37.43075629970728,6,1
2711,38732.936396432684,543212,0.042038086011871895,23720,1.5416824707775025,110.00137814522711,24.20823305127299,7,3
2712,8215.316478322973,43712,0.01557259116666479,624,14.08453400743629,438.06705436724855,25.352205860534188,1,2
2713,34990.94663519617,422754,0.04479324485781768,16895,1.6428796499889422,312.95345448380056,76.18498406641461,3,0
2714,29357.918978211277,321398,0.024534763089722404,8809,3.4094174628755747,161.46004579603397,37.053923036125795,6,1
2715,12476.12243453102,94958,0.018000492755634936,1605,7.744390345083248,446.22438847618264,41.671371798878,3,2
2716,9021.31586393763,36721,0.014556837989092887,506,18.895527708843623,517.709309937632,40.785786912841864,3,2
2717,10648.162076658651,41808,0.018176900393312885,702,16.553451107056823,487.8623278877764,30.084868883123868,2,2
2718,25246.94740356309,210732,0.026554212096633875,6241,4.787565095756989,164.72469349712878,30.759045343891522,6,1
2719,35819.7016944446,342692,0.04235970248569415,12055,2.877321635744927,358.10100710526035,87.87659225656537,2,0
2720,34363.50530904315,305368,0.028922685523387955,9862,3.992893951208542,81.30184600462597,42.072237287408264,6,1
2721,24074.20020510385,159140,0.023582794358861375,4182,6.240863314110412,165.94916138507958,36.21794212395635,6,1
2722,36277.1029539306,537833,0.041766401038743774,23580,1.51218224286004,141.18969834923752,23.06416604712393,7,3
2723,37053.3710920572,549193,0.04322095149834848,21338,1.66434880642099,365.75164175120096,76.67103152233994,3,0
2724,39454.36480473481,605301,0.0397426262964116,23784,1.652115938198143,54.45848707552272,31.821178338260808,6,3
2725,8981.597835118133,53624,0.020389629759180565,1011,9.886346063731633,496.4857186626235,34.03389111671752,3,2
2726,37470.40335998869,523680,0.041410219495157836,22482,1.507856075359692,48.88272772183467,14.89124967515824,7,3
2727,27524.13609862095,287088,0.02796823327987879,8627,3.687858227074711,157.20167907698854,42.727812621046354,6,1
2728,40422.88379226421,579874,0.04147920911874354,25358,1.5580086303166856,123.16782378548888,21.713076806044075,8,3
2729,35153.68962549961,504167,0.039059580570571566,21336,1.5934966769868957,137.20721108773844,20.642002058998305,6,3
2730,41202.97831814583,413037,0.03969472785734905,14888,2.2905814492480214,374.3865527192174,78.76676498027422,3,0
2731,40759.753431664154,543651,0.049999999999999996,28471,1.3654680069767917,101.76198914528305,30.098001039262908,6,3
2732,40463.86375413964,540888,0.04163273597677273,22909,1.7923627719045363,136.43872683287154,32.16778888694598,6,3
2733,28657.494579468526,285733,0.026688840554476977,8386,4.111708994791801,162.0693270259219,45.175664650807825,6,1
2734,23753.236189411375,179247,0.025121496732218383,5095,5.683904955531869,144.62856006810827,47.60323099076825,6,1
2735,27855.86651789377,246419,0.031014788549358782,8555,3.7541186762231975,176.11920845380817,31.929926063025743,6,1
2736,40412.24147691237,485507,0.03935457806347308,19691,2.1380900699001675,52.60033374136485,26.847058590112187,6,3
2737,25923.30831462301,229062,0.029245241677194223,7421,3.9348618219221057,127.53586258913381,41.48414191983158,6,1
2738,38535.40483098405,447326,0.04050691539602904,16125,1.911905396581874,355.91160841090147,69.26926477328878,3,0
2739,39196.67779144671,418326,0.045360087836055656,17093,1.975216307241427,378.75908341918677,74.8332015909675,3,0
2740,37605.04847000037,590914,0.04197751443672019,25861,1.3750628429612317,61.82297413193666,18.64936882027432,6,3
2741,37796.48052676711,324048,0.04486935443423506,13150,2.383425559674628,409.09946908500126,78.51388030077993,3,0
2742,30796.887133784825,271350,0.029257883268204214,8643,4.355470770563918,125.39768662587947,26.432809489488363,6,1
2743,33051.11966379681,230148,0.02612123339360671,6741,5.3759714238823255,201.5569794192363,40.124705234931014,6,1
2744,28557.537078623856,274677,0.027350429281853605,8316,3.812456913673565,187.01279622333993,47.79314439479325,5,1
2745,36961.38260476044,512952,0.039051905058941905,19959,1.9495528065157375,142.12641291798067,17.206614388078144,7,3
2746,30784.805418541415,234797,0.025107770226936617,6338,5.827034043970159,193.11857428344874,42.427342512897226,6,1
2747,9116.26364304662,47900,0.018255690204266442,820,11.6556848481494,501.56180202594624,20.839385378134853,2,2
2748,40169.20204989382,620403,0.04115745925748392,26296,1.5032034082904249,136.12557917510824,21.531141011592435,7,3
2749,28575.359577012245,134177,0.02607982275799184,3864,9.113080543433126,184.91635759834145,45.70762718086295,7,1
2750,43059.5632370105,624906,0.041245157868261315,26390,1.5838936517216768,110.7758425806871,22.52141238932835,8,3
2751,31960.18405910206,256291,0.029064363587902875,8434,4.406972190564618,128.42110271646442,39.06503806253554,6,1
2752,29692.825798788857,209910,0.024978125629994637,5788,5.804187439448852,189.81250631350343,45.7758361635601,5,1
2753,9072.706006713248,45347,0.020367215834391775,887,11.217214315325709,432.00885903060095,35.20549482849045,3,2
2754,10065.70491956051,53137,0.02361859950544898,1137,9.36486364082918,516.9120618085767,17.427207183238018,3,2
2755,29815.976058609165,263219,0.02778998967582052,8065,4.007934370137314,177.9024251941963,43.90337275163419,6,1
2756,26865.991249973882,237010,0.027580285158034838,7507,3.9660548336306674,159.43473848694197,54.745459574949315,6,1
2757,36124.43779874393,531468,0.04524205183868614,24506,1.5025396363249754,122.234599593232,37.08958801510766,7,3
2758,39327.09205280055,372925,0.041689407463449416,13091,2.629807675226583,388.07452649699286,87.25203316831727,3,0
2759,27699.573124297272,249380,0.025012996572525596,6752,4.874203594247313,152.3507934500795,49.05662700039852,6,1
2760,9212.815000662227,52080,0.02120437878844137,1067,9.08961174764723,490.5188881103842,32.475328590604974,2,2
2761,26655.047532777342,286086,0.028699956692282216,9376,3.1484731085791697,206.40205252504185,37.390512907549834,6,1
2762,39961.50903665766,444307,0.041391047460851586,16398,1.9741157754892418,408.783001944657,82.4837544059084,2,0
2763,43163.705546327285,667696,0.04163441448615781,28348,1.616432854760911,71.96946290947511,24.53700250395947,7,3
2764,41698.59870379489,508133,0.04048650490582829,17401,2.0476830555577976,400.14762925829393,74.06411866173991,4,0
2765,26461.21494513437,289149,0.025052517089343987,8055,3.6635289030615428,97.91712570878738,43.90742509608057,5,1
2766,9570.40270555379,55464,0.018244921096128065,951,10.65428563685172,490.73962437735025,35.15879900709471,2,2
2767,15735.597495853619,111761,0.018138113462166858,1940,9.168339791692361,389.6922540406119,19.842810886684966,3,2
2768,7647.934710219795,52841,0.018964931187379314,950,8.537283768568969,432.0988021758394,33.059216365979054,2,2
2769,36770.79867953614,573705,0.04244913730936392,24543,1.5746213350488953,142.96935885590912,24.41288617427358,7,3
2770,26057.505366813537,174784,0.027120823378737828,5269,5.878764249833377,184.34161779824345,34.26032077407414,7,1
2771,36154.08868643031,534556,0.03942401090696173,21490,1.7408312302405324,175.11782116522974,37.567415360035625,7,3
2772,41403.742842998174,596065,0.04245522729521512,25464,1.670880817428507,167.2377508365919,25.272392548546197,8,3
2773,29266.383383578188,305329,0.024817785886829476,8317,4.170133719314786,116.90153092327222,41.45005933237299,7,1
2774,9797.834923608933,69412,0.015710847714978375,1044,9.462543204822019,504.3252633926163,27.03833864407677,1,2
2775,11180.671214154116,75029,0.01832640860680329,1250,8.763992226160541,465.75512398539826,28.84565524086058,1,2
2776,29225.39177759023,231595,0.03247801744375569,8618,4.096874433870926,187.47894825461657,41.18573302334958,5,1
2777,7323.689874196494,19223,0.019300625468654478,351,22.822711649556723,475.04829133844123,24.533398546982614,2,2
2778,26654.01589929632,229007,0.024368495598384214,6237,5.142245730748937,196.98432093347668,57.152679476627675,6,1
2779,29966.74994696076,319473,0.027423726155497333,9894,3.556824296569493,188.27288725640977,40.34264058152678,4,1
2780,38129.57250863379,591746,0.0396206255841096,23496,1.4001008482155752,141.86512830450698,20.19517996354649,8,3
2781,30480.55463940393,287238,0.025005311082773256,8185,4.212943973459362,143.74373862702623,53.69569492493296,5,1
2782,38368.69493369057,538841,0.041545668348148594,22194,1.5884691719375061,161.6469404330826,24.143581964418964,7,3
2783,26558.884002809933,179351,0.028571939441107863,5738,5.509107428144924,235.42728207688484,41.66433767145142,5,1
2784,41928.232813424394,426954,0.042775699945215684,16400,2.0111268438808527,331.1683684333341,82.50340914652065,3,0
2785,33699.894665904896,222969,0.027720008833418262,7136,5.469960915942727,169.04888330911152,37.426447942899905,5,1
2786,10560.722607866492,35656,0.01888739493776259,642,17.473169959498296,424.2452841176626,38.00721408072493,2,2
2787,27219.18663665161,188260,0.02797351958325167,5861,5.164588452775697,195.2644856813531,49.82789722146536,7,1
2788,38362.247875133115,546574,0.04238833957545704,23763,1.773964925494672,154.22611675792007,33.74010335034087,6,3
2789,39783.6831217729,616601,0.04600097282350876,29346,1.355350392027444,157.8631021943599,23.466220775177188,7,3
2790,25929.970999906596,206272,0.03007125148600632,6796,4.436130389897988,137.17622690725574,32.74575716849925,6,1
2791,34804.11784400229,378773,0.04122631859924545,14532,1.8471681640088924,436.30886936106117,69.13348919451066,2,0
2792,26755.953511373624,256076,0.027601771924828704,8134,4.1147475851689475,157.83049108454279,35.12031901524721,5,1
2793,41805.1173316849,540395,0.039955181458955595,19498,1.8004184452872651,414.5901404153078,76.66006233229193,3,0
2794,36532.034401284254,356768,0.04473098932561061,16952,2.2996934782502954,82.37345205590587,20.386720506746787,8,3
2795,44734.25385289446,698279,0.039115041704432855,27475,1.7354318892321796,67.69059015192738,18.86441699808839,6,3
2796,35423.11650521628,382217,0.04117412098984326,13522,2.205964539712031,406.8560084093241,67.57978874593074,3,0
2797,37612.76339258061,518344,0.04380965704051154,22299,1.653874407016352,78.95552481439407,32.240059055650036,8,3
2798,25271.973405112665,228752,0.02802135457527795,7147,4.266212099484317,121.08981944597544,45.72500353033503,5,1
2799,27229.836769548416,250758,0.024617659330356093,7065,4.290085014287652,147.18887778033772,39.135255180018056,6,1
2800,23423.72627806346,101316,0.024522779466759945,2739,10.18349720188663,207.46767069110868,41.04414722321669,6,1
2801,29256.975066684005,176627,0.027410688401201866,5473,6.270553970850165,67.69732788954624,44.21542117230939,6,1
2802,34237.705927825155,500892,0.03812718270159382,20150,1.6589321821387222,101.66341064615365,24.02546410597142,7,3
2803,10467.700215868383,27946,0.020511471519712575,555,19.51436474762749,501.9837752852761,30.579896966752884,2,2
2804,10070.395814555406,35794,0.022955042397880203,772,14.737378554309402,485.91761568516256,25.81542177633387,2,2
2805,11389.73704009874,26119,0.020960428762638518,541,22.881353519496667,505.6713116352405,25.27854551946444,2,2
2806,35275.578430760135,423861,0.04223324287714392,16034,1.8134135096101516,407.02921510900364,84.36365157045272,3,0
2807,25511.271743688827,246718,0.027788280640075914,7610,3.7523572423297007,121.33908508356795,46.00143990204335,5,1
2808,5695.453258165071,26474,0.020378158219265755,505,12.820822769458687,454.49157946070386,14.493075763483592,3,2
2809,14979.00753501705,43682,0.018452662088121595,779,21.113978162173936,432.66756275392623,31.052693271678187,3,2
2810,36539.315282939075,511853,0.045684857979296514,23908,1.556546322847897,125.96395595151189,20.66542266664902,7,3
2811,10416.428250724677,43176,0.018710127587692943,782,14.8570595137441,400.3931107787547,10.544494266904698,2,2
2812,25633.769417618394,218032,0.027958785014577783,6790,4.604259552285341,263.9395924468408,54.04662111116967,5,1
2813,24607.509260202212,218936,0.02876644079322043,6785,4.191033057486753,185.15376792512416,43.36809814949588,6,1
2814,34963.3573570788,474372,0.040127184100685054,19543,1.7257970957176116,132.4820549731944,33.16655182849432,6,3
2815,36381.98858794574,591539,0.040702690951073504,24480,1.5338987659406471,119.33504872781329,22.91297792096549,7,3
2816,26736.944172736105,194854,0.024894896893615345,5534,5.68045800883382,108.00505533821072,40.83439285519336,6,1
2817,11062.071096833966,57445,0.01522284926267339,806,15.393855841231657,485.7820328426909,21.8784184394838,2,2
2818,13264.799332005286,50474,0.022217630120298933,1097,11.914890294328277,451.84317772635853,24.73930844189178,3,2
2819,42305.53197129588,538177,0.035802629295499655,19685,2.2455469807253436,146.70232627803625,29.307712578232554,7,3
2820,28609.13760151788,258011,0.028705843515371816,8083,4.070647370080472,123.80036496223724,40.00345876333342,5,1
2821,34801.96718377192,378086,0.047304019644774584,15172,2.061714853431439,395.7556881513606,70.18727633795125,2,0
2822,35652.33563479825,548321,0.041636143069311356,23659,1.4478099781710039,175.10582207962563,32.98601731590193,6,3
2823,39527.776527492395,479410,0.04206152631717393,21374,1.8664379081041718,138.46426328068893,24.754793765534956,7,3
2824,36983.57153500254,517221,0.03227655534514348,17242,2.3158689913799977,126.57047077212302,25.013862709778323,7,3
2825,24141.355922756848,172538,0.025785254982446548,4896,5.515058124872045,127.96067962940789,32.052315930408604,5,1
2826,7124.773802026621,49399,0.021897927259779824,998,7.40025298075965,365.4244114882548,32.94704841096616,2,2
2827,27730.71570958767,228353,0.02725238912368367,6835,4.557410748436691,192.53611675673747,45.33678388955457,6,1
2828,36956.96002668402,631845,0.041525499378420164,27039,1.3262878560078495,133.9340135563638,25.746480509926524,6,3
2829,8674.882613553873,43220,0.018456523800087152,744,13.280594580813942,529.9099484157381,30.96415005405579,2,2
2830,38494.236896090624,568046,0.04162988137307957,24698,1.6603037654012405,136.28629244433714,31.624780576337752,7,3
2831,36945.34681706401,550223,0.03716315774106835,21137,1.8000115795985334,76.33838797856073,32.827963819740404,8,3
2832,12673.882455256027,42643,0.026037299596839515,1070,13.446048760505251,438.3939420881692,26.701807785192845,2,2
2833,37947.4217374887,576306,0.040426537155488024,23933,1.611868013372928,17.657756912365368,12.23328891968157,6,3
2834,38620.85093129622,576738,0.04135827568851907,24104,1.6510187537246164,111.02643439968229,22.972742438729345,9,3
2835,38259.395208917784,435171,0.044097259341805986,17169,1.956753434587242,390.5473404958911,55.82169626510749,2,0
2836,43362.70971747167,641630,0.04128304988214898,28126,1.6209940194337105,141.18290033453474,24.89055917860092,8,3
2837,41299.47618907855,677783,0.04355861965727315,31416,1.2613219595392222,164.11826772275307,18.975469805230095,6,3
2838,37762.771235272885,336503,0.03961854556008559,12463,2.6550126948271036,424.6949942343414,85.56488682160852,4,0
2839,43217.35468182754,551243,0.04256744799133863,20696,1.9665314871304183,427.0655926918534,73.66855649088211,3,0
2840,10100.530994487564,30894,0.018095167649209393,505,21.8227692049232,455.11633473843483,31.315741679221105,3,2
2841,35460.49078635098,578310,0.04165761482048883,25165,1.4659679746122518,139.95454709214692,21.593285751164267,7,3
2842,28852.074160067386,277469,0.028738492982985975,8939,3.7287646782076997,127.85070540451994,39.26682871386742,6,1
2843,35033.67661387094,437935,0.03771557939364538,16386,2.145778650646812,156.6290108377008,12.014127632131547,6,3
2844,37445.27272320009,438857,0.03912696599273756,14871,2.1241346147762235,403.47384958251405,74.46201382585889,2,0
2845,41547.14535310643,509644,0.04155803499195549,18817,1.660918255250472,344.6636402834009,87.60612134265224,2,0
2846,35787.915877524225,355027,0.0421519824608053,13884,2.014139374024329,346.94894695386904,78.9423087893122,4,0
2847,30169.08256345849,183512,0.029203841758059547,6050,5.794003199779533,188.017340538508,46.07212020904319,5,1
2848,39240.10352754797,530737,0.03873087385263136,21386,1.9325490815033117,43.59999704956445,24.509072206201953,7,3
2849,37645.30676690605,434676,0.04664300330853485,17104,1.933502242836712,379.7186074656047,76.55408933519297,3,0
2850,41087.923325984426,556501,0.04131294641626551,24311,1.7025712183209558,90.66564521766608,27.05753138073666,6,3
2851,29218.322490740095,214103,0.031146438719396596,7497,4.760478205338953,134.7245542550648,35.89503133517695,6,1
2852,30887.52134470826,276475,0.026705110522809397,8227,4.1800792382338186,105.4396457285146,45.020289933178184,6,1
2853,29833.164773581448,215058,0.02633118331759029,6149,5.771409602625183,157.9562602226816,41.29597926773359,6,1
2854,35974.173479735924,606735,0.04287968609085937,27345,1.4582145552094827,204.7702730118775,36.389158202812496,7,3
2855,37230.28465377078,468524,0.04421404817239604,18846,1.5989609622885084,444.3216437358161,69.3088714963564,5,0
2856,24402.918139206333,207281,0.024679465091754095,5467,5.048431034983664,219.40450238749403,42.55471144934301,7,1
2857,42894.095606565555,670381,0.04342070933386989,30603,1.383068500291759,154.0563330132233,30.988695812208732,6,3
2858,11563.923338040495,42703,0.017920392455479398,729,16.72708452288774,434.0900526394034,39.69986278079166,1,2
2859,26093.135524519974,163330,0.031179831589897428,5511,5.596935122912553,187.53314719072412,43.44583985691274,6,1
2860,37374.80596409946,461905,0.0420705842614276,17243,1.8533195395155768,323.4206744882239,78.25190177658472,3,0
2861,37355.796726564135,427712,0.039736623783365586,14840,2.012663317538915,353.1176716225455,83.09810782395026,3,0
2862,37959.35454026555,517908,0.03615592168847883,19385,1.932279476810628,149.80415244746408,27.312577403806692,7,3
2863,43384.210844129746,569119,0.0364033227988046,21834,2.0862087192834378,133.83177653068856,22.85547541568674,6,3
2864,37588.962764526594,314014,0.04180602420881727,11703,2.5125396880106488,361.27640877364985,75.63913427978109,3,0
2865,27291.92765197789,264148,0.025813932907066996,7671,4.139209383410319,162.1460722393909,29.641268456665763,5,1
2866,39566.87931274641,418089,0.04045422350613935,14787,2.290969600363457,390.8900367408001,62.69016792231806,4,0
2867,34958.51819094454,687529,0.037929056056847266,26383,1.2647992139163047,127.79250078782383,27.105357438569328,8,3
2868,21834.384825787307,207868,0.028015908741281098,6487,3.952680620122836,137.72204433245213,38.29507062321424,6,1
2869,39775.22510764267,627954,0.039120063440972304,25047,1.5321383567238838,90.39517285253726,38.298200366037044,7,3
2870,6521.38773012214,35906,0.019826487989035066,667,10.54600838634582,468.27184182042026,32.95258018729407,3,2
2871,34221.920971785876,316298,0.039383981881311744,11419,2.5378928799151095,424.3788824476379,81.5665130635854,4,0
2872,28023.84848544694,226842,0.026639096902215775,6635,4.863553268250657,166.62727278443094,40.12597947371944,6,1
2873,10131.580582555895,38956,0.028252758713641725,966,10.55777833101894,449.34263920515485,30.50170254999581,3,2
2874,9191.627012435569,36518,0.015346423794651471,524,17.962513388541524,435.1203839699724,25.15455645445577,2,2
2875,7303.875323990244,27469,0.021150888692571944,555,14.321960199256754,509.00174561841095,32.36776332399604,3,2
2876,10041.19680808358,64278,0.02103111868352525,1266,8.18139544733547,457.74643510405235,30.018332972401744,3,2
2877,9031.43375982196,31559,0.02416568093903646,709,13.272626234569993,522.7767815059384,35.877217960614146,3,2
2878,5873.194255575719,27305,0.01532972100784624,384,16.160102262292156,491.27324991227493,32.389087836114506,1,2
2879,37274.387227739935,379283,0.04183716380335997,13928,2.160733985565695,385.85352787393265,73.07341230815277,2,0
2880,30774.685044748418,285778,0.04197708810590669,10791,2.3371873874620017,386.3486400545818,82.26488380965633,3,0
2881,40183.80758993832,474760,0.03723801005436845,15740,2.029441468547801,383.66330328858817,77.95308872776852,4,0
2882,35233.43406084841,328946,0.043866537146193936,12901,2.3678551413090956,404.847329432748,72.17094177318127,1,0
2883,29493.29589415207,298433,0.023414315040926205,7621,4.235645481872497,160.9724959857805,40.24690902845761,7,1
2884,36618.24975868371,504382,0.04540678301118312,20305,1.637186959762933,345.58269698503057,75.71708218485247,2,0
2885,32599.18686554532,334610,0.0400851326511866,12100,2.2770002941650804,449.15954010304586,78.10920824803127,4,0
2886,30310.81198787772,287534,0.03184013674041774,10306,3.4794930531090604,121.94357549596532,47.60200759088424,5,1
2887,33564.94522898007,447012,0.04125199754873834,17017,1.6394012309269361,385.4753632173572,83.97366990043625,2,0
2888,43121.47196069762,470537,0.03706351725434595,15597,2.4282298255962687,335.0312453549614,66.52803610183129,4,0
2889,7316.718271932536,40219,0.01754428160887022,682,12.18468195587536,505.18696451309967,22.53991160483015,2,2
2890,9589.07879472209,51321,0.019605747559813202,967,10.820146273795501,504.26849633196093,31.884079064711823,2,2
2891,8109.029305614405,56338,0.017152073122354047,888,10.351786725673422,482.40047757514384,27.48092220653053,2,2
2892,24003.45888635329,179174,0.026879264864706563,5330,5.358462094497852,127.15785481723181,41.041916750907134,5,1
2893,10307.406680538392,47538,0.020991940814543426,925,11.148938624510409,473.9488208209887,33.8647147202091,2,2
2894,25409.610409727462,227028,0.031661639191260166,7856,3.6863662692909616,119.63171545688336,31.08529345569745,5,1
2895,38407.54231785482,475511,0.04091319815656009,19744,2.0579839634274326,121.03218272526188,32.75128234653552,7,3
2896,30870.80823382547,236485,0.029674723598295732,8001,4.341891015549609,149.59939419466832,31.351239826332723,6,1
2897,27137.66254944684,225991,0.02587133135814748,6400,5.108826924637418,106.51565741305286,34.16896014369223,5,1
2898,9031.180498210542,37961,0.01704058080887696,613,15.84457966160323,466.243171733721,28.33335417908517,2,2
2899,32317.306203992975,261986,0.024556205177682533,7457,5.047326113455902,225.1536814825256,38.11932252957801,5,1
2900,41042.10726181787,596838,0.040108623927873926,25587,1.6006314520169551,110.87109908472105,31.170824111085015,6,3
2901,36553.96598795853,461544,0.0476825890913062,19788,1.5466799425887185,377.4937338944744,77.36021462054312,2,0
2902,24528.318266998747,164917,0.026842633404878406,5043,5.883425005828958,153.37720341861953,30.74141943440195,7,1
2903,5889.190574897979,35461,0.019303792040551576,627,9.812643567429904,404.2146377803155,29.39020305445716,2,2
2904,6606.580056240347,31408,0.017261152774538366,516,13.183658422955245,486.5984797111834,34.64403820731987,2,2
2905,38213.24759746092,533340,0.03783057565599747,20794,1.9053404815848636,86.79747378415955,28.82138062850011,7,3
2906,22577.78237268968,197285,0.027794736373799166,6061,4.059545177893785,192.9997509545268,51.77544052342875,6,1
2907,38601.28039872033,419298,0.041441503720939514,14959,2.333412996244317,365.5887301044807,88.70258762191503,3,0
2908,33283.35270846424,299384,0.024986597186791262,8053,4.544499403926755,145.9835017500681,39.61971965046638,5,1
2909,38274.49401031072,453255,0.04007984375019119,16478,1.9186485419767094,402.18184478726425,83.29362080484005,3,0
2910,35407.815547759186,435655,0.04181474236381872,16465,1.8852083387810654,408.34993887988503,70.8492002029145,3,0
2911,40484.47392657291,455951,0.03749992430732338,15322,2.4495712126280016,440.34006324611715,94.99208737294128,3,0
2912,10958.089729726196,57675,0.020323472246844068,1092,10.802881073640691,456.45180197007767,23.327434392768254,3,2
2913,34845.18468795465,343185,0.04090808007947847,11505,2.4135401317397096,340.63440360736183,65.94677117295097,3,0
2914,41591.09754247612,524354,0.04307158454272832,20375,1.8073277146455096,439.264238807789,91.32119992916581,3,0
2915,39047.92720975932,383222,0.03777360621643033,12456,2.767794880347927,344.38220290827536,79.40640328856591,3,0
2916,40640.59076152759,549980,0.04039813893650391,23458,1.8294791573800724,169.9411392271349,35.5513271908596,5,3
2917,33240.55174104175,334521,0.044727549572391195,13432,2.135400681401606,421.05252858898706,66.2189877636155,3,0
2918,37110.9964716599,369289,0.04429775943611478,13817,2.1857675509767187,402.263098735567,78.44733977904099,2,0
2919,40924.76079955422,404493,0.040918643757233586,14132,2.3380488910966206,386.9318765992805,78.2625938625299,4,0
2920,38721.578753686896,437550,0.0440310013405291,16825,1.9308514688601286,426.409947357347,79.17213879943907,3,0
2921,39010.01242054011,646282,0.03682790135882381,26026,1.4932449087178443,129.60281446007028,27.25585072290867,7,3
2922,36151.13934512687,533823,0.036661342480100896,19667,1.7801592703882656,157.18414710086992,31.109829858345115,7,3
2923,27687.045012154205,216293,0.030857626048462136,7662,3.973895314243385,157.4062256939612,52.31768790469482,6,1
2924,8588.82973112119,24217,0.01899791204525788,447,19.18653946498396,485.96228627184524,28.456387184400494,2,2
2925,35124.22836411538,348202,0.04108622172058001,12187,2.5022174471803673,334.9934717838966,79.98858190862019,2,0
2926,41985.172886687076,448096,0.04182167130502104,17130,2.1225770807863147,350.11174886451647,76.39664586728095,2,0
2927,26114.025215926602,235394,0.025893949750516156,6564,4.591348351621644,112.17922569068793,42.91515410201497,5,1
2928,32511.009398337064,287019,0.0304824160369638,9886,3.7622313447453206,186.34584557061774,31.894704640620976,6,1
2929,28772.6535044906,246015,0.027541515027575653,7583,4.5799223409543295,280.94121550729375,42.30765682435782,7,1
2930,37495.92322378707,308461,0.03926155981964954,11211,2.679770301670196,379.99403431840324,75.78870658314233,3,0
2931,38169.827979048,581936,0.04240686747742694,26217,1.4862472610488147,139.39300181063226,32.76639580236702,6,3
2932,11670.690862314432,86615,0.021047903509163163,1837,6.591349337849787,492.31615820854535,30.6702796933421,2,2
2933,9150.279851566436,66678,0.01659390753800261,1021,9.265082545631838,472.4245080798363,15.543501570997186,2,2
2934,41377.71463474841,716898,0.03771459755308877,27475,1.6468105626611054,148.98170834448615,13.352131642262988,9,3
2935,38324.81275097018,447366,0.046920574226895495,18851,1.6528914178919358,420.26533487846655,85.822573410952,3,0
2936,37627.99244820241,569004,0.04308550339245765,25178,1.563432987168945,176.2684017717329,22.98744305312117,8,3
2937,34227.20484476811,379822,0.04341656799508236,14712,2.0858750466755858,375.89497363425477,89.59846718361423,3,0
2938,40086.18014631686,554659,0.037497815487037255,21301,1.9628078813686691,95.21635458068548,14.574508139876846,7,3
2939,40801.858081629565,638990,0.04136363819012922,27397,1.473582225325956,129.123158620034,26.813338746424215,7,3
2940,10756.218579348722,20428,0.01902969223070608,373,31.416988452351735,450.38315513553374,37.77842086667349,2,2
2941,39845.15328585084,631773,0.0411779315581994,26868,1.5297333043632568,95.26749497240617,11.913202365761135,7,3
2942,38550.86488128064,438525,0.04335157267301012,17427,1.8177746150740268,448.4072687147574,69.2839550695727,3,0
2943,22937.335845731348,154688,0.02709698576866002,4495,6.096518119235637,219.41705729174456,53.74170825759526,5,1
2944,30473.80521241544,147651,0.026096214328309802,4249,7.991184218713224,45.389858769679506,44.13891631103203,6,1
2945,8677.634058761538,49752,0.020460468155046596,976,10.035573706511562,433.6795678123413,24.706414959029967,2,2
2946,39272.520928626654,432237,0.04373080220374441,16522,1.9266611541537786,458.0337098461048,76.4401003192042,2,0
2947,11251.71075766808,18256,0.018796340668187417,320,35.78819057637961,444.6480211392607,19.06934696191007,1,2
2948,43614.49662173505,410368,0.04154022392812242,14879,2.6512133736251506,397.54603095462016,71.59327005522455,3,0
2949,30164.126386860065,149724,0.025598658806396057,4355,8.66327091162362,218.59892496643673,37.09149064585448,6,1
2950,12345.178452548329,42967,0.022167273750535774,907,14.400803463135615,456.4877736719847,16.82145278590765,2,2
2951,38860.81396147108,416245,0.04593663859349948,16757,1.9783404586197895,352.38551739025496,90.83609133039052,3,0
2952,38829.75260762146,530376,0.03848377895960499,21111,1.8057372183487876,76.76247270930122,23.671308461577794,7,3
2953,9891.49853482071,13981,0.018314772272071934,241,46.90238002107333,493.0943637845645,37.33337850774737,3,2
2954,41655.7221490223,626831,0.04004392868906988,25939,1.625952575823041,147.10870351150493,16.496153728205186,7,3
2955,37109.70530199102,517175,0.04217796565762643,23198,1.5915709390321122,138.26845709079006,26.28824043140693,6,3
2956,43713.77921939582,581058,0.0391418500773462,23511,1.7649415890005984,88.4327995520304,33.65124552495136,7,3
2957,8035.182693243853,34076,0.018721346532932972,576,14.950907383115917,529.557331394276,19.54639912076455,3,2
2958,35577.65078431652,568980,0.037365916482132486,21740,1.5066160567713995,66.00667399631726,24.0050034921154,6,3
2959,29191.771905803627,198385,0.02945891147294872,6556,5.15528720199323,112.61565203263497,50.852322965112776,5,1
2960,35363.66185641706,455622,0.041501290071235694,20545,1.5677700759104696,57.91001831234545,22.634374589287884,6,3
2961,34931.38380389012,463966,0.04050364040866663,19601,1.757865900751434,151.8869658008062,15.90167776098812,7,3
2962,23681.00429741799,284713,0.02967317000243231,9148,2.941353169714156,132.20927637987722,39.11997655449127,6,1
2963,43308.20415115018,739895,0.04003977266871441,30290,1.3651186171099434,152.45422665805688,19.664253299479036,6,3
2964,38684.911585677015,557972,0.04298879490100371,24940,1.645367941803558,100.86787868423976,31.36212403683249,7,3
2965,16607.229243002264,93262,0.019371450289954018,1637,11.49488951073467,467.87239177139855,39.26813179385499,3,2
2966,37842.47855387005,561948,0.04735541973504447,27227,1.3884880958934445,123.27187723801578,21.16342845018952,6,3
2967,38373.083440876486,541053,0.04198863776023635,24338,1.5946157003613637,75.56057169779297,29.439435693645965,8,3
2968,39934.52343601406,375716,0.0458191725132481,15672,2.1063864913187875,380.9468959885802,78.19813276187747,3,0
2969,40091.15597472666,558337,0.04359610601337097,25555,1.594833646398639,97.10041166638797,21.989026158219392,7,3
2970,33353.15217840238,334383,0.02387697511605944,8542,4.402976562370127,185.97459334857584,50.170055197474284,6,1
2971,12676.635866994407,46099,0.018080930267304673,760,16.941125719751675,411.1151561825163,32.03513403724834,3,2
2972,27711.636798996053,211049,0.030903057581349848,7303,4.223609934102235,151.856533509979,52.78633590407424,6,1
2973,37492.76508301353,477959,0.04146657160145936,20376,1.889039348508056,149.76344461826966,28.289484245312714,7,3
2974,12484.741091968968,63536,0.023094962688908455,1347,10.384079059559529,474.5500762044828,27.341288332678793,2,2
2975,6482.443527332235,36753,0.020628364702084866,682,9.7714422571996,496.60045696447565,37.239939862742446,1,2
2976,15313.758149370793,56931,0.018005023035565237,950,17.070668975970975,413.65641063693886,35.140682156522566,2,2
2977,42313.949495648,657171,0.03728282219144798,26052,1.5219328965869288,146.12002022618827,38.87908410894638,7,3
2978,28642.39111364872,286041,0.02998661384946348,9637,3.2574815357384215,186.69699397773826,42.426146101486815,5,1
2979,27116.599704171993,240128,0.025466547611667882,6726,4.571680020240425,139.6396037039329,39.607239783794356,5,1
2980,43802.96825913686,502969,0.04235197204938602,19882,2.0004656781579,364.54321105214296,77.67512903914113,3,0
2981,31767.455247083544,366994,0.040873811276344416,12695,2.1371115281398283,340.6207140228356,67.7527602002979,3,0
2982,5104.569282411449,19374,0.015611849021767137,275,19.281039030443747,465.5361588308631,24.6931902383772,3,2
2983,38028.851934546976,562111,0.04106229927598722,24620,1.5094540287112406,134.53905155495426,31.358595066588755,7,3
2984,38084.58001840375,482222,0.046795223074496614,19971,1.3946916873838253,337.82479006912877,85.93523633711095,2,0
2985,39743.519841634814,276299,0.04198046915517891,10280,3.241352664442021,376.34310569329665,64.72291690478585,2,0
2986,30640.652624253544,253927,0.02417821528042121,6646,5.351443218821421,167.5592195463878,33.3485421783126,6,1
2987,38080.97304533197,562958,0.04051871046470487,24011,1.5719859923988746,91.41450977385696,27.326692296955716,7,3
2988,8948.969062668893,47166,0.02502647438260331,1110,8.871185966475357,531.6065328083159,39.17304194415572,3,2
2989,42928.235821372844,373068,0.04171769530028993,14032,2.8081303285637436,338.3007654024219,85.24689282428952,3,0
2990,39722.21886101167,324068,0.043320254435751854,12822,2.7953669107064534,434.0304935609358,77.60603677114534,3,0
2991,12487.476804362965,69367,0.016029210450846668,1079,11.889442523661616,515.9681619306264,26.680240698515334,3,2
2992,4329.619731282659,23651,0.017860835701181882,427,11.2811150007477,481.41856461151883,23.490291622710103,3,2
2993,14167.311327123449,83523,0.02179875019424709,1691,9.550522245797483,491.0058532816724,35.6676273132933,2,2
2994,13020.253094103271,88563,0.016378973983404013,1321,10.274390468344698,457.3771844782357,25.34510773704189,3,2
2995,10102.330415114728,54969,0.012146250365264582,669,15.172798881865464,496.9595557182569,38.62427732933599,2,2
2996,37863.54864235656,392846,0.04364612091989848,15128,1.9329481376689543,362.9120796504075,86.22505127404654,3,0
2997,37806.89046294383,389320,0.04296606779605291,14505,1.953617280438305,411.31911037310846,74.45367208999329,2,0
2998,5116.378951974911,22372,0.014471943987676431,296,18.406878770420775,499.91050404395514,36.08532405441401,2,2
2999,29222.711076607062,258511,0.03131648457938213,9139,3.7461698275113484,142.86919045939544,39.82871558110217,6,1
3000,37139.87504479312,449322,0.04497100946601245,17941,1.5606503142619648,439.9105398396491,71.10955752426516,2,0
3001,30566.18671121252,294579,0.029390548583295706,9731,3.7182342475441246,164.7743232931282,42.71982236264302,6,1
3002,32023.684204391884,358814,0.040133173994877695,12515,2.1434923279423566,432.7771823881773,72.61088144955647,3,0
3003,12439.980982768113,30290,0.020185443635516484,573,23.940089181606055,462.27571152052127,25.723081013296856,2,2
3004,41827.235967939174,661626,0.04018162967529806,27444,1.5064810214998463,34.917318541772445,27.372965300565944,7,3
3005,40312.28475262675,462782,0.04417295166614846,18293,1.8623931720596376,408.40232588269095,85.99323955018174,3,0
3006,10300.671531834829,60301,0.019319876374884463,1074,10.000962878932473,390.9877602801125,33.317859430319906,2,2
3007,38425.21219771711,524909,0.045642555079741326,24743,1.5467449902953887,114.43146809390294,24.639188812509204,7,3
3008,41141.50095229655,628643,0.043427314918920726,27752,1.4146374724079798,176.45340858791766,22.79840242954418,6,3
3009,29476.66777320633,228507,0.02509167610873215,6269,5.161539165630859,140.6987360674174,19.877007226932193,7,1
3010,13209.246198116256,62397,0.01546360787181825,924,15.331016914960088,408.0325146026447,46.77010100575617,1,2
3011,6331.272319315925,36552,0.020600878220818762,728,9.490698737041702,504.80791968510954,18.654285103028517,2,2
3012,15371.329422610597,53735,0.021818414296098376,1049,15.677140228628705,514.7615187976046,27.329006509603776,2,2
3013,27844.09620816948,201809,0.026869585839030367,6050,5.155829107500309,78.74252805071757,23.883478567050524,6,1
3014,39721.80733218858,462814,0.047524947247693475,19539,1.6069570940871338,377.95664935882513,74.47681774192573,2,0
3015,41137.50384884926,485374,0.04165427926055298,18070,1.8285042536366962,413.3156954699328,81.23551865837624,2,0
3016,7542.514070779534,45455,0.018462337985784998,803,10.135985988025446,442.8040021238071,25.807522448565045,1,2
3017,40691.069470126386,489539,0.04595255427572518,19796,1.6815926556156373,468.9775825090243,73.06397879486536,3,0
3018,10778.982705473463,54297,0.025279725857043203,1298,9.229687207840366,433.5551152052763,38.182245889794956,3,2
3019,10162.962414037407,56963,0.01943040016821533,1049,11.216987394058789,524.5839429484508,31.537225304044114,2,2
3020,8893.245393606163,52307,0.01,495,19.2873974336679,417.6742814010757,32.050499998952986,2,2
3021,29150.38224396257,226378,0.0264443239652958,6879,5.023869845781902,106.39282336194667,50.8795839514945,7,1
3022,25864.70929864781,218703,0.026674039803716985,6430,4.354165338795246,170.1318931123898,28.213423259265223,6,1
3023,40881.20827872944,534411,0.04705075267232374,22476,1.535503473059935,405.0337462049861,71.2957408039614,3,0
3024,25284.35100614757,195752,0.031839146828204254,6906,4.316620040935038,73.67942984245609,43.10323694651388,5,1
3025,33566.178422623256,337644,0.04235193359173191,13066,2.0394986866835123,376.7720203827912,90.77112980735693,4,0
3026,7435.008525431428,41089,0.020449387482856032,811,9.568764428506356,473.616754646048,22.5170013990827,2,2
3027,27160.415859641267,223271,0.028942008870101725,7306,4.334617972929218,154.54381965095726,32.544270740799114,6,1
3028,25357.502085222823,218640,0.028703968919902192,6803,4.273874284844736,182.5197367411234,48.59949358053226,6,1
3029,28550.74592046234,221497,0.026219675023353303,6410,4.940619682964323,167.72152094462004,42.29721090821306,6,1
3030,7565.819766701673,27486,0.023355451359405234,599,14.322494780266238,452.7403982618596,38.94435009948884,3,2
3031,37002.844461396824,431533,0.037762083922871933,16863,2.0278785135826025,170.8559350211021,20.230482314375994,6,3
3032,37333.03271108791,390403,0.044806747269848284,15446,2.1747531791765944,411.19592084472333,74.52257252212324,4,0
3033,6006.807358096587,34475,0.01782116186806101,576,11.046853570401398,529.5368789266952,37.78164073835495,3,2
3034,39089.31021295262,610842,0.04141827547024382,25081,1.5779795549819209,140.3397963779157,21.342965883383375,7,3
3035,28780.697686557847,166783,0.02388791431833904,4607,7.008615416755338,140.65452359190112,60.87729226564642,6,1
3036,27635.417562108094,295953,0.0259768862705285,8174,3.7243173512237133,90.32735541917656,44.214319801742015,7,1
3037,24164.181808857757,193167,0.026176821229541868,5689,4.982768231368092,230.27928522596454,32.76614585337765,5,1
3038,38715.37946025278,493727,0.043045969282921925,19545,1.7294899082545594,378.2602090104968,68.24976743845279,2,0
3039,38541.08830257593,623251,0.04013315342607368,24859,1.4913306984487598,137.9093758324267,11.794564845074754,7,3
3040,26346.90309480023,194528,0.026487259372357817,5605,5.38661854509836,228.92102021595667,47.87853018671028,5,1
3041,39073.969842277664,620545,0.040970190332535385,26052,1.433381024658074,69.80355676319276,31.20982687468345,8,3
3042,38899.84478316607,594794,0.03956984200941409,23721,1.6660095532298667,151.4695638882937,37.57440633238589,8,3
3043,26316.44088539632,234120,0.028705621053547764,7493,4.050175977678546,165.06309573202333,44.81823525262547,7,1
3044,27819.961775766198,167190,0.025094188827369926,4478,6.981250982105295,109.4013884163166,39.49201144334139,6,1
3045,34502.56163590472,257719,0.04101996929448637,9638,2.8683241644287976,403.4634531249892,69.2577440323704,3,0
3046,12835.71587847035,98063,0.025276939975014123,2316,5.973247380225882,489.7632712408196,36.9478042799045,3,2
3047,35616.663854671744,581104,0.04182665761211994,24654,1.5161929530428067,90.60802754878631,26.401554867482535,6,3
3048,8197.620462747831,24779,0.017727080143546313,402,20.922232089046993,530.4810745058637,32.53151513049896,2,2
3049,44897.294805175385,521563,0.04598702165141532,22275,1.5640443015623784,402.13079813843325,75.99306777984083,3,0
3050,8765.596221918899,31798,0.01782371009295085,509,16.85257996233964,492.8203881662794,38.08746452751872,2,2
3051,39904.251281549106,543699,0.041118961887672674,23141,1.7882893586363902,123.55066019213365,29.962945553227637,6,3
3052,9353.08618101934,69037,0.013873557187261763,876,10.744098219444513,457.1714510300539,26.5335262912627,1,2
3053,27449.604943867816,198142,0.029777804682788102,6546,5.049055436630845,122.05186707149872,49.38541382910749,6,1
3054,30845.521969426904,318861,0.02427495587403406,8662,4.172981190551227,169.2139945117646,48.8997790732001,6,1
3055,41214.94295918508,611910,0.040453852252160166,26654,1.636543760186798,99.24256081491401,44.20841548249532,6,3
3056,37751.6994132447,507732,0.041681627818486895,21615,1.8005338510206081,107.46147577570119,28.23727641218247,6,3
3057,6201.431080212615,47431,0.017804969717896982,802,8.022666513149753,454.9670361852884,37.918339632274034,3,2
3058,27759.157493518578,247854,0.024014726241174025,6724,4.844207630191991,183.19723112718742,33.564597775716095,6,1
3059,41146.88816387577,648211,0.04158310740397471,28648,1.3943988537383936,137.4500233369607,30.43102301351155,7,3
3060,37954.80331749271,563571,0.03972001116785047,19694,1.6471313142857358,392.03764707653374,67.14382960504985,2,0
3061,29938.12139129749,220087,0.026320975088220226,6497,5.442299968695483,194.7321990752602,44.730332258339764,6,1
3062,33299.110124642146,300958,0.0447858159722445,11752,2.5531741941707353,364.96759000523235,80.32921450276989,1,0
3063,26529.301253395384,216414,0.023811443042616356,5969,5.0752542274626125,170.54929505275396,48.37509237604915,7,1
3064,8776.755481387167,39080,0.02040419877791263,752,12.329943559595545,502.6667541727906,25.60759726814799,1,2
3065,25250.011390082444,241924,0.02736661939719657,7289,4.005621125438776,153.13477430825935,44.571236190533156,6,1
3066,8060.456328695512,42475,0.019528950231578215,753,12.361616696400219,411.2004786120183,29.811684541990076,2,2
3067,42587.41282016847,741840,0.04042810608975713,30705,1.4068032854558126,137.7295667132437,29.67441570335241,7,3
3068,20783.529469824574,129017,0.02942651593700081,4197,5.473744694138959,172.31993156791322,40.07021474277784,5,1
3069,39807.93074496684,483355,0.04311127271662783,19576,1.7321293539399654,364.0471308733518,71.20832727128943,3,0
3070,7710.50237144373,22075,0.01995190617192006,407,21.270965866517667,450.62787373035974,40.28036950550756,3,2
3071,40630.85512870969,563070,0.046865127303816555,23160,1.3962317336658145,339.8692533903508,85.52901855682589,2,0
3072,10697.005037083207,58206,0.02041982361641622,1079,9.864877991864851,408.7132421897082,19.425817660750926,2,2
3073,41736.71438605422,408197,0.04002717996701418,13847,2.3898938469017135,340.5576519580911,70.61114180024228,2,0
3074,39489.09358418477,625590,0.03881213200899803,25193,1.5573852790284062,115.78792469608916,36.47077505744158,7,3
3075,38366.742131520135,560668,0.04201753517130401,21431,1.4781379941978177,341.3235272309255,71.89767315757932,4,0
3076,36455.109133851445,417687,0.043024821141965416,15103,2.01211444078878,380.8246633532991,72.31788508553906,3,0
3077,24141.40149659594,129903,0.024748562705006024,3559,7.64032222214356,204.41227905734596,45.75208918069679,5,1
3078,38523.58172081438,635220,0.03627205142290836,23946,1.7267427948537455,125.25071767005997,20.505549675169085,6,3
3079,11652.230454779981,53185,0.0200861407881638,983,12.60024441457486,451.33205520683623,33.0224055025362,3,2
3080,44103.48605237125,613867,0.0431724439244442,27564,1.5881124510254097,78.66372541789259,38.237167276049334,7,3
3081,38720.10346098656,429567,0.03952534764764528,14838,2.2761874155301736,431.2196943392286,78.70142106687912,3,0
3082,40179.50801174536,545800,0.03758687584573567,20587,2.14687900427993,135.00289645663747,17.41413544823184,7,3
3083,32604.152766973646,265907,0.029828636920542655,9008,3.9593045536306177,126.60437425321075,33.01077199870441,5,1
3084,40679.330451059795,581532,0.03750769908720862,23689,1.6566425689664095,152.44534157426173,33.76023501143423,7,3
3085,31164.768144474623,223495,0.026193272045575956,6352,5.573403098550865,159.2347853987243,47.01250428505992,5,1
3086,37138.735879442625,449192,0.03692065542096878,14247,2.303700514163515,363.3353331609862,78.58600809015826,3,0
3087,41135.749640077716,558313,0.04392172777238406,21025,1.6033030167835218,402.42634463260924,85.80058327984288,1,0
3088,41629.57986028026,409554,0.042561770821955634,15778,2.1952496325758086,451.34374324790616,88.00734192074442,4,0
3089,39005.24033775211,399327,0.04155954529003163,14479,2.2013208027273037,395.27911227519775,65.18530318576076,3,0
3090,35918.95158954178,408112,0.04398197970172422,15936,1.9047784302478084,453.9242872737162,84.17958001757088,3,0
3091,29673.273395200275,194982,0.027859576178098318,6283,5.726389146865659,134.49386332270677,35.990742780019005,5,1
3092,27575.470521028496,110967,0.02819605065087792,3615,8.961010135957654,156.4871800410318,33.21681092877757,6,1
3093,37479.11433501847,466032,0.041278034335554235,16564,1.8485088461592882,363.53400440416425,76.50550129014684,3,0
3094,5991.453559513898,17558,0.02117120808753947,354,18.703837990708376,465.5532913701431,20.713044327309568,3,2
3095,9772.718192892771,59145,0.01868586904549577,1050,9.31700895637751,473.6605139685544,21.06008371778094,2,2
3096,43189.80034237618,566473,0.04047254050089742,23182,1.8336015706417326,161.68497419537746,30.401456330075927,7,3
3097,28076.749920110644,227897,0.026775775272085585,6596,4.80231637021136,188.33363281596033,32.61111524115177,6,1
3098,43601.853950768585,686857,0.03970961357739746,28759,1.4523006185115301,118.36019373651361,15.90826208048276,7,3
3099,34020.92433784055,411909,0.04489996768199701,16668,1.7466997741189811,400.8604548561654,77.56466137371658,2,0
3100,10455.030213167473,69980,0.02022760229055511,1319,7.93218265436029,477.75238378606065,28.40306479097509,2,2
3101,38035.49831914036,450379,0.03885858475460914,15274,2.0206441709385876,409.13379163819695,64.79237724687738,3,0
3102,40520.89292022935,632401,0.041045399772068863,27633,1.4486269046368339,119.15443331526266,39.17367523229785,6,3
3103,36221.5358107117,563959,0.04223578986721618,24493,1.4883121220770021,155.2355426388207,28.897899440752433,6,3
3104,38424.867651413624,617112,0.04130751632120439,26388,1.526354944661248,73.00572952917531,25.085984911454716,7,3
3105,36229.620632750135,372292,0.03911560426380961,13124,2.509783520130981,328.51215130416966,83.07167598279021,2,0
3106,8118.567539556449,49603,0.020908027909991515,963,8.966514137896084,472.1150463040101,32.38097428938103,3,2
3107,27328.64388010764,154574,0.027339382575777532,4860,6.526269103109751,159.2527623139021,39.6733503528783,5,1
3108,39388.42461026538,446131,0.04095423149927038,16459,1.9653905501748736,351.5650206511056,77.8417561426405,2,0
3109,10357.0868424141,20180,0.022268435335672576,435,23.385270180527964,431.1003223468623,36.26129813960067,2,2
3110,11243.766213185689,56440,0.0180937361375281,1009,12.219963174140723,433.17152352592734,20.129574081416017,2,2
3111,37744.002268906595,505377,0.04598806171976982,20741,1.464062244815135,400.9987758808858,75.28044625172761,4,0
3112,7562.9205192528725,40014,0.016634087146913015,614,12.519235171752294,411.6165613302344,42.8363415619288,2,2
3113,37798.99626266605,657725,0.04740188692890821,31823,1.1392624005211986,134.9294327501866,31.45013430772013,7,3
3114,8935.339524308129,63295,0.02253079330502104,1316,7.59843924524334,422.5925627182933,24.98912686204982,2,2
3115,9765.774191006356,58769,0.016991124798821488,939,10.655444372420412,445.58804738432264,35.89504538008814,2,2
3116,40161.788795018125,648816,0.041770529957994906,27337,1.5240586669338172,88.69303726559532,38.79640552617364,7,3
3117,35558.69727860657,354415,0.042571429990198285,13100,2.596529843441936,388.7753660861104,78.82396265799316,3,0
3118,23840.280656993204,221548,0.024919545399481498,5925,4.788409629466232,161.98358352466676,48.07945146774878,6,1
3119,8474.812100432833,38059,0.019109017748884703,656,14.248351507351824,408.553726192121,32.192592505088,2,2
3120,37241.97451987017,664748,0.04106706634573754,28411,1.344875654225263,172.98170842621678,21.591551223927464,6,3
3121,26696.70105741729,224944,0.029201425365131067,7186,4.226860276437485,144.9770190102048,38.65863095830332,5,1
3122,12685.740526730151,58249,0.01898352884581074,1048,12.730327959620567,490.83414533217615,43.165925600777555,1,2
3123,7956.591550312735,31486,0.016369420571316372,478,18.528632056927833,562.8948975878905,20.73049635962237,3,2
3124,40702.15688490599,414651,0.04524893288017816,16615,1.9167564499078014,379.4969258953766,81.76383973467698,3,0
3125,40004.96678959691,569709,0.03728526591213342,21461,1.8196646977827928,162.61466022093995,19.909508179636422,7,3
3126,28200.02947670331,154348,0.026217361637698847,4442,7.244107884229441,155.94640267840427,41.76334938372349,7,1
3127,39303.69950490138,636658,0.04265795610434202,27761,1.3660487626241051,147.10614135547462,34.945977402937615,7,3
3128,39856.47084861904,530176,0.03736331042129958,21243,1.9270576675623596,76.38320278986221,24.780711509611873,8,3
3129,38706.400971656265,598168,0.03773175449217817,23286,1.566257446658027,212.786374773863,16.877229977227987,6,3
3130,31183.65746700975,225211,0.024572948780025604,6354,5.745606664759755,166.00826100290413,39.5184303568453,6,1
3131,38580.81226234684,589192,0.03915325311694754,23534,1.6167466153608574,115.78409391563065,22.250716428000235,7,3
3132,40018.605933257306,550636,0.03959194936651372,22299,1.7788249071861413,52.79192802676856,23.284842605418003,8,3
3133,32434.34759119537,311814,0.03942962455189455,11225,2.517401188193365,428.4933132596212,75.75579654952386,4,0
3134,10455.15364773886,22134,0.018831478172708138,392,26.175102986999836,521.8000477771941,35.25076893924134,3,2
3135,37454.64074089887,307709,0.04090627882034333,11216,3.1172729935056513,373.2374098155998,70.48197648990286,3,0
3136,36066.73004684571,583269,0.03682403081461556,21918,1.6763273384107185,130.94858554641775,25.092552445957043,7,3
3137,35549.36807053407,309051,0.04349146463767849,12437,2.46883068381447,357.0478613957668,77.56029544126972,3,0
3138,26138.70813280758,273993,0.028175694340007724,8504,3.6882174238630294,196.22766510861163,34.84664950349043,6,1
3139,25096.49828293464,168019,0.02787775498124522,5283,5.370203078537829,138.63005331329515,33.36447487657858,7,1
3140,27247.214153439098,138168,0.027140636249779665,4143,8.247485439167606,240.6080404694563,32.7078652148965,7,1
3141,13559.994073860795,71954,0.01663537168833161,1135,13.98144860178804,401.9787319414581,39.237083250919504,2,2
3142,26901.030065165287,262660,0.027518350730446443,8003,3.9493700758189956,165.17951709922283,42.830906266705014,6,1
3143,38379.41306423581,529244,0.041284788413803286,22165,1.7447723984892431,101.62994904670887,31.047249351991624,6,3
3144,38307.05257781799,391693,0.04509923173442241,15071,2.1791602909936025,385.88813599366205,83.813467807761,3,0
3145,37677.51631004655,484141,0.040253576321514196,20539,1.7119051471920557,155.3814454952518,9.650446626315142,6,3
3146,37851.27561507215,598401,0.04417754470884679,28068,1.2756486426546292,109.36275793189425,16.418439276755542,6,3
3147,35859.836321897004,537245,0.0413693376460788,23636,1.612042533374881,92.70351761639773,13.563452273081388,8,3
3148,38003.01143827953,392716,0.04191585023913001,15035,2.154669981304422,309.3610662050169,85.68200262662377,2,0
3149,37844.30737623618,553771,0.04293852647184926,23942,1.7015315186841564,146.94631801090662,29.821232739349533,7,3
3150,5477.142456617875,21198,0.023152666585789995,474,12.379797569513743,534.4116837194078,35.80883512159879,1,2
3151,13254.716849226274,50454,0.018071226267915352,826,17.678287706339244,394.4708205198245,20.375158032012717,1,2
3152,27421.86555432092,153826,0.02829221851904954,4695,6.840865029273496,146.33529763355983,46.334487536336276,6,1
3153,40914.12424420864,396484,0.03821039094841637,12999,2.3572420075821663,342.699492733983,72.74996503043545,3,0
3154,38316.905794576676,658100,0.03742667028279178,26082,1.524869680377499,124.97034251407904,20.217758903922086,7,3
3155,34368.45536337251,431568,0.0430846977325882,16874,1.7368818339920882,454.3794644234334,77.26014044611527,3,0
3156,5602.532830830339,33588,0.018180937652227832,586,10.85550578961582,484.0701757672189,29.350695875658534,3,2
3157,39111.12251818977,486677,0.04096491990689759,16868,2.0910742671238047,368.65307046214946,76.0338280735039,3,0
3158,38588.806372788844,553685,0.04308009136661304,24069,1.5856364194332109,74.99541006564185,23.820663011571924,6,3
3159,37445.34027444895,626374,0.03945713051325205,26717,1.3966869021159283,101.02184379488612,26.49297785216068,7,3
3160,25442.39284897835,223666,0.028889883675043138,7174,4.008500441386401,199.04246641677216,32.98021020349763,6,1
3161,41350.697310505566,605779,0.0428611693349999,26215,1.6383891705944342,138.6631978316618,20.70783733524635,6,3
3162,9032.632367321708,46601,0.023436428837232952,1023,9.642692257771637,425.2549482877211,24.71161989904233,2,2
3163,40560.39696340477,576462,0.040093719514183265,23766,1.8203813587089919,127.69604637364337,14.946556939064765,5,3
3164,12519.23946227172,27749,0.021791488354673823,560,22.476092922057084,446.96518758783424,30.472101470634794,1,2
3165,38280.3461496762,607403,0.04310168171598882,26350,1.6076655248777627,102.77839076851897,27.890764109746165,6,3
3166,7301.933915524618,20696,0.018924084993986005,359,21.511239426027608,526.4250302379589,31.941476012402365,2,2
3167,40552.60326448139,369266,0.0430524693276003,14468,2.286461818558651,358.3069371210866,81.2646196991903,3,0
3168,35746.13010306959,522889,0.04255845284515663,21927,1.7413773755801696,102.82109723020346,42.97300205397184,8,3
3169,25915.678899805196,204067,0.02673797450221728,6093,5.011546087853829,153.3851778084722,31.167117749744143,5,1
3170,39170.166913921705,481038,0.04103534507193319,16980,1.9389327163133543,384.9062205371574,61.95367410549713,3,0
3171,28265.071219095844,215648,0.028701974055745885,7165,4.4395198705509085,193.19179501979363,37.30660818311053,6,1
3172,26403.386055442745,214361,0.031352846430449326,7260,4.2879161940090444,211.2800656402188,51.25900730282531,6,1
3173,34817.16757854971,306986,0.02686503360018639,9270,4.295182944477061,129.4133462944144,38.468617935961255,6,1
3174,41109.84848346024,621441,0.04098116005708818,26885,1.4981891429584446,32.59312132033537,36.18078917542674,7,3
3175,29264.907810470802,305239,0.028331307128030933,9755,3.3790129606776964,57.98021034779666,45.356337769417706,5,1
3176,39306.496560221065,600028,0.044545192254674855,27286,1.3205034522929782,152.23038925935194,34.105845974656745,8,3
3177,37645.539595692986,475640,0.04002517771797286,20110,1.6523477924101408,86.20591836280452,22.856367165367,6,3
3178,11879.558227675967,54493,0.01932916652258542,946,13.300691482398072,463.65240836958185,25.484919821634623,3,2
3179,26482.60188045703,213278,0.023935906453436302,5894,5.196585846936373,140.8351561628333,31.203537784175296,6,1
3180,34311.57034432188,574921,0.04349724017081025,25879,1.3802414590161929,104.10954761859942,18.101526119650003,5,3
3181,36616.55439067884,379072,0.04207947340438224,13921,2.1863755780727847,347.8714691711206,74.90044829149774,3,0
3182,41897.53664847923,520612,0.039062440556013746,20501,1.7929214936227793,116.06159581548928,22.34692965323468,7,3
3183,8892.036858724678,53717,0.012715233798012482,657,14.593072300145574,475.9582098527927,27.360087662623005,3,2
3184,26808.258804663586,220062,0.031005926125555264,7709,4.0502274840916375,182.92845473695112,42.76146692895028,7,1
3185,36782.22455083471,400242,0.0470479240628514,17394,1.7104303454808047,312.3153077219747,74.53296906126599,2,0
3186,37012.89439339952,439128,0.044693053393668254,17723,1.7327959437214648,365.34607634200177,68.89460279298896,2,0
3187,36876.09030619505,306043,0.04135637758789717,11301,2.8590980170302847,377.9274358076894,72.03886841733693,3,0
3188,28038.514854517594,221906,0.029241414976662022,7337,4.306999649961592,94.23973079509096,31.80639990651865,6,1
3189,21906.938271908377,140929,0.02874518731960949,4460,5.780228655766035,148.8064057200959,36.02131204409499,6,1
3190,13351.593622952703,62444,0.02094424307347937,1277,11.25175382191827,475.3632262924278,25.766615536324178,2,2
3191,11189.564831023737,58361,0.017347882789218724,926,12.662101473812044,471.5701408899446,40.51167308899317,2,2
3192,38110.00441233954,546831,0.03715855642346548,20340,1.9692220974364092,230.25032359311723,26.324143520375724,7,3
3193,38286.58618215299,510432,0.03835145816051928,20297,1.8119601644895003,143.33266672767863,16.755948571492173,7,3
3194,43719.34535007347,686776,0.0437796458113099,31443,1.4349853446192355,127.69145530357885,30.456692278899016,7,3
3195,34114.549881621424,320806,0.04290220429977666,12505,2.3166331867347787,295.46160239948597,79.01543381979587,3,0
3196,34621.579929847976,401332,0.041985083194110165,15194,1.9271777301985946,413.62069730779126,80.61299717807233,2,0
3197,27600.25977994616,232534,0.028082336029796727,7293,4.41839960854625,137.53054151527516,36.212590844009895,6,1
3198,36507.48486390963,372834,0.023047627683091612,9417,4.460193863661608,180.71305708102008,50.6742875317827,7,1
3199,42901.99944993615,599275,0.039926149704841034,24861,1.7883237536388328,149.34152167039085,19.841368937690874,7,3
3200,8656.840081449724,38557,0.02230340853558581,827,10.894324079167177,484.11805032003485,24.60004527925048,1,2
3201,36688.114297753826,578493,0.03958252422486846,23238,1.5151933067913665,91.86509953549597,11.047415971251203,6,3
3202,40157.10239290133,648748,0.04796761628628448,32040,1.349466851147896,96.48945030061309,31.073077978816517,7,3
3203,31172.0151652843,171250,0.02763784450694417,5178,7.470449934101038,105.57586652989869,45.41160944018884,6,1
3204,35258.6131736948,462681,0.041461145355629975,17127,1.7920581373305213,400.1546766419602,75.39674805582754,2,0
3205,41572.273563623545,588039,0.042235299878883366,26179,1.5101387101391532,168.62496215234714,24.512734690163,7,3
3206,24237.536899696282,180167,0.026674842110418456,5235,5.374129864018401,159.40764824195313,39.28028859164308,7,1
3207,37198.5390542704,608645,0.04014939756021144,24638,1.5314172153619408,64.89744180840253,19.398232616011292,7,3
3208,39855.254136326635,656639,0.04202002882129652,28449,1.3512495019534203,125.23451918813228,43.63717872400776,7,3
3209,39521.17570979849,430284,0.04171572468699346,16861,1.7316365836553262,477.0269052959659,84.17129905967973,2,0
3210,6473.856346438963,29212,0.02323547100973867,632,11.612758504924967,492.23242478625735,17.567199611347874,3,2
3211,38607.627776006,426654,0.04186999800298189,16443,1.7770031074306807,365.98208839372865,74.7989439994521,2,0
3212,35364.797473974024,546269,0.04110081247829105,23419,1.5888472536621583,119.13947873208112,34.633189594592885,7,3
3213,26826.647655435005,218758,0.023703003366860285,5879,5.198548692996504,226.97417649851167,27.323830073261053,5,1
3214,34720.62010336564,568405,0.03638695770562192,21552,1.5848367265009644,174.31252546164717,23.87059467228496,7,3
3215,42076.65944254253,495746,0.039722725296385715,16689,2.1752582776764906,365.41931284082557,76.80090390898613,3,0
3216,39903.61927239502,623201,0.04214773200709941,25737,1.4902142766163613,106.24938335855227,14.962410864001315,7,3
3217,31866.44679101015,285558,0.03196233564755034,10352,3.3331993167460383,164.01052186823304,28.14477472140809,5,1
3218,9830.58469328613,31129,0.016926507542642036,482,22.729107235829062,503.2035761322755,34.964802837156185,2,2
3219,41400.30718562424,649268,0.03621790899013857,24379,1.6392399271135816,98.06716562935368,23.812149856191006,8,3
3220,28600.580456583986,224404,0.026984192809586645,6698,5.2871157269439255,182.57482515092323,38.51074068817007,6,1
3221,36082.2774405648,491528,0.040775260045405604,20477,1.787441375298887,145.79252901280012,21.098142521881023,6,3
3222,40552.55211518562,547741,0.04206369075601581,21159,1.56274177238991,383.12844742295727,69.22582374287836,3,0
3223,39797.548443351196,445031,0.03872835689083682,15378,2.294281503619264,298.03498840266843,68.30443669346012,3,0
3224,10772.762774094974,15194,0.02310290561735307,317,36.94949876476162,507.4879609411891,32.90793371007539,3,2
3225,39251.52466900399,444983,0.03974390216322255,16324,1.9404947950500793,317.9709927259204,79.47573981293854,3,0
3226,39702.57635332706,566087,0.04291997005783308,25867,1.5802900885391937,128.65735361125735,25.469894469707793,6,3
3227,11525.268336162355,60288,0.02295304626343108,1281,10.622843261069482,499.09392360993354,31.787066853914688,1,2
3228,35999.87737719778,417226,0.04427407416436254,19316,1.7939620158578313,176.67627034773253,18.202752704772315,8,3
3229,42067.346204746005,457367,0.04487177318024862,19043,1.8324894423267968,393.4431298235594,80.33089654611969,4,0
3230,37419.92654774876,559535,0.03816181770052373,22071,1.707667385311331,112.78728252477138,8.645540130264706,6,3
3231,26907.616064376874,244088,0.026384309353421564,7212,4.634765128549019,224.17262236544414,53.031853557733186,5,1
3232,37851.154168157664,471554,0.03999066124619811,18624,2.057520465990907,137.07717077086545,31.196407886005655,6,3
3233,28519.118928465163,205724,0.02106837191856454,4868,6.529597921976741,151.49156262152954,27.536614673743188,6,1
3234,40031.87821501579,574373,0.038166038997551416,22114,1.8179412339289935,102.31447182584954,24.465018981333863,7,3
3235,30448.604617650417,489540,0.041965259213695205,21305,1.34239879487344,69.92361255390963,32.54084301320281,7,3
3236,11080.512062895055,46241,0.01748059345357271,752,17.44138582279398,456.38021721588757,19.03658934747249,1,2
3237,42775.82077714933,506015,0.039751880617991564,18506,2.0096789216229745,352.1212703877211,79.71782650077883,3,0
3238,39549.91055220811,536746,0.0397346956436226,21942,1.8030141967259667,171.14469053533577,33.791983858388114,7,3
3239,37956.50798934456,331241,0.04152217697403984,12389,2.29712030481812,422.2594108631312,72.09010922382821,2,0
3240,41064.07014427789,602380,0.042047847368584405,26600,1.4993434578012212,52.21328849683047,25.007252211612318,8,3
3241,37965.29522009936,537291,0.0390491128076914,20278,1.9141376093883584,102.38967797293482,32.66286621088611,7,3
3242,29339.01117076584,182414,0.024202736714093724,4925,6.827217599162742,241.8629689140873,38.17687060129267,6,1
3243,33754.80591234816,450513,0.04413463994938046,20345,1.763213434547676,124.91463496217885,19.85419719399273,7,3
3244,38620.68247287723,651465,0.03923159747402004,27152,1.36150920276091,167.5380375230018,17.83204595533423,7,3
3245,24752.635442500577,228460,0.022406668095596036,5492,5.453409729893272,137.00774941002123,40.05570765756079,5,1
3246,44323.65545394844,544241,0.042191090826869594,20698,1.9860627480809598,406.3917503828927,69.76255211304424,3,0
3247,29184.43494829115,247927,0.02290030212227561,6218,5.374659912240243,188.5279988099946,37.449563228158866,6,1
3248,43054.420520394546,471546,0.039976594512225024,17413,2.1166785997291613,386.55122566773815,64.46174103544853,3,0
3249,40563.22947439323,627493,0.04174248728787234,26867,1.679244820367993,156.0779626387862,26.588039299213168,7,3
3250,39372.51232949959,552901,0.04207452494312523,24069,1.5727746089581398,134.64712354158792,24.379168392568165,6,3
3251,29577.361173686895,176621,0.029787234620714177,5817,6.014711235104364,143.35145768298585,40.57591336683789,6,1
3252,26949.30706297173,214394,0.02586152829179223,6166,5.334745354676407,137.63099844838206,34.72419015492007,7,1
3253,40639.207747276334,440620,0.04039018179150147,15561,2.059735382761381,370.085677917798,69.89034982055617,3,0
3254,36858.700850619716,520815,0.0416157427429707,21888,1.6673859231461408,135.3977474372682,34.59624475385437,6,3
3255,9220.148804098624,34938,0.01691608063388452,550,18.674509671988424,470.709311522632,32.55116781659104,2,2
3256,34799.37962434921,297774,0.04390122813264815,11388,2.691765931427819,394.90855728710716,89.77234009586353,3,0
3257,31695.892123491583,387390,0.023715788852892987,10187,3.6601438362678786,106.73899870268043,28.60056564448347,6,1
3258,24169.60831479344,165079,0.026762772361802974,4723,6.310211728166174,138.24625126038555,32.72272394036997,6,1
3259,8638.649926267846,28596,0.018942743991638363,512,17.41840664010235,459.31521141494295,38.83736114775394,2,2
3260,41876.37395568715,572788,0.04385976250556581,25741,1.6313554575743072,97.35658720999703,31.548779399487554,8,3
3261,8887.554199180904,43793,0.025183966440605235,1049,9.66518999760289,435.26176679283657,31.422725455494067,2,2
3262,12277.52723218188,47136,0.016098689134201975,728,18.271447631574517,547.5657742532902,23.96979743196172,2,2
3263,13226.905577926675,45131,0.022960456596877142,991,14.477176355536267,460.03008217854114,41.996869014094344,2,2
3264,25175.35726952723,287761,0.02619704408518307,8143,3.606394565321899,143.87486602772856,39.980968913764606,7,1
3265,34972.90542331667,388554,0.043375804318460214,14967,1.8065005608356455,404.97074770297496,89.14080629234658,3,0
3266,39588.67269413387,559059,0.0384674045405217,22619,1.9054232150792152,110.6637222682938,28.74089778639973,7,3
3267,37649.055659148165,372868,0.043305248866721824,14037,2.254769581323128,360.8956373026159,84.77574398543202,2,0
3268,13076.1161573981,2615,0.017430370023176153,45,335.2400411152911,470.6444863374149,30.425155240110325,3,2
3269,11464.795144247824,54643,0.017841087501858685,935,13.023931356863105,482.39979317744184,38.49071672450351,2,2
3270,37895.32746823649,512738,0.037129080857562,19586,2.072341649306796,119.36743463386496,18.382796698657422,7,3
3271,42852.51161429116,453930,0.04125963217583297,16544,2.2307143377557033,412.2175137272267,72.6028352322573,3,0
3272,7245.710786139849,48071,0.02035339548058783,932,8.107468748277967,437.6115353535639,21.78484591055718,3,2
3273,10418.361920524814,58799,0.022203398284008063,1180,9.211002026218882,431.29993029272936,30.04828185870505,2,2
3274,29694.48194683792,194539,0.02847429652604301,6215,5.204338438306335,133.62223577389562,54.67118313549509,7,1
3275,42946.654956285754,514909,0.04150721345176182,18924,1.9120770686213033,393.990578547888,88.59611955404748,2,0
3276,9250.10463568193,44007,0.023317517539533286,950,11.701782044760815,488.41008376708254,25.67221325035224,3,2
3277,7652.955074087838,64462,0.02195504940672443,1353,6.184754643329933,514.7760891341413,40.37118177756255,2,2
3278,28000.7655780273,233930,0.026104271070775176,6810,4.783538704950787,246.93867218848175,41.53583842465177,6,1
3279,27739.78039338737,261406,0.028427259363343324,8241,3.8413841358180507,101.16451740402174,36.990058570146445,5,1
3280,9148.389171456733,37846,0.016173274196400265,579,18.529794473088437,458.7152372488993,33.847500008793055,2,2
3281,37668.868366224226,307942,0.04289218336580892,11808,2.8120286226916518,330.4614210131291,69.62497991101513,3,0
3282,37703.683004830455,368402,0.04490470746572782,14947,2.015138070537002,334.06461928701856,75.08823372573154,3,0
3283,38571.046174100695,567440,0.04296742070493219,24403,1.6812841917028514,144.42776458734625,10.784458025652388,7,3
3284,7769.934200226753,56382,0.019469139856596783,1036,8.343063821275585,474.19969765939385,27.66064935900374,2,2
3285,15007.863605660683,136490,0.0211565367156651,2769,5.785632800771151,450.8315125616892,30.692611713607842,1,2
3286,36085.02777772888,490695,0.04059271690888335,21220,1.630200489650973,97.68703079127364,24.13980889475736,8,3
3287,15082.829442837736,73513,0.017838151816964312,1282,12.480905228369858,420.1339787656429,20.35618907536106,2,2
3288,40175.815764668645,616219,0.04494741841048138,28502,1.3716451535433931,18.630660123087225,26.92655102654099,6,3
3289,25055.645797984107,227358,0.02961000093334027,7520,3.962654540997302,181.20297902562314,28.593395971806657,6,1
3290,43163.703387398455,534659,0.04182228221639279,19891,1.8898806937338901,385.27217851721184,81.99051087533573,2,0
3291,37146.92015203098,335975,0.044749322060654566,12994,2.4877987637676173,403.8729720392101,71.76741523351157,3,0
3292,33195.61353068707,442282,0.03920433490795774,18623,1.9033211189374966,133.98178915209184,21.116972866940497,6,3
3293,30295.736235845496,263906,0.02780180857437258,7949,4.399217923061335,87.53754296953618,37.1706013906459,7,1
3294,38204.152888603276,451936,0.03892699781475633,17200,2.299945867547208,96.36218293182286,17.385517816948433,8,3
3295,39080.661795984255,490910,0.035440892486825554,16627,1.796521458867066,451.31142030725783,82.24844470478476,2,0
3296,34007.9340120692,372689,0.04425463395251224,14783,1.978423813172607,427.96935218506087,85.14026795536928,4,0
3297,37563.41835532393,571636,0.041677309370893666,24429,1.5356669533928842,92.15890947641586,20.30909871156428,6,3
3298,39694.53930945216,421974,0.04266909362901105,16324,2.0692913663695727,380.11094565490026,76.2638714201714,2,0
3299,28046.97782411309,196308,0.029017954084334996,6329,4.784570089558953,137.8074016499798,37.80666872163894,6,1
3300,39733.27488369291,610507,0.039251341569010056,24327,1.7850762246895389,144.25237841254182,33.3927664394297,7,3
3301,38921.97448161749,448204,0.0415036521547004,17495,1.9507023317593666,333.076593866183,76.1594237610561,4,0
3302,31335.89403699514,119277,0.030953120050459637,3988,8.99268014948038,167.06193695737662,30.917605137692405,6,1
3303,29801.74803355368,245469,0.022061534843734694,6048,5.874746141244966,166.29123332587707,38.081040174528255,7,1
3304,40252.46633507672,524086,0.04146660212880571,20019,1.7483625892923111,359.84603169949617,68.01956423323689,3,0
3305,9905.019881010063,68304,0.019962064129175207,1287,8.1532722543351,403.93542789263694,43.74199345354338,2,2
3306,5812.42719389732,36936,0.022137627049027706,769,7.650682777690779,527.245140014056,32.636010702827534,2,2
3307,11689.918872181237,46657,0.018806393889898205,835,15.016771367760363,462.4971696547714,38.66890881787685,2,2
3308,35172.06471316437,349568,0.04043421580433051,12684,2.200250007113873,345.498109375252,66.01229388699026,4,0
3309,39646.436173600596,476404,0.039958546105632375,16383,2.2708485464975428,383.82443242361126,75.03958515310913,2,0
3310,39378.66430642499,661282,0.040545911134595214,27267,1.4853211329131901,91.20923900461443,21.99644595222017,7,3
3311,38421.536727964696,372652,0.04431327302960516,14582,2.4326410341222204,428.20965029059397,74.52819607069114,3,0
3312,12367.668037051852,42010,0.020155786736228847,789,15.709235831088904,459.44047298477295,34.04517835692614,1,2
3313,11931.070306601508,54564,0.021890276112368694,1151,11.072317896120097,425.54476903214015,44.3744526120195,3,2
3314,26153.133794423957,136402,0.02761594251222535,4314,6.98059447372347,198.9235666249962,30.797392573675168,6,1
3315,37024.99205640084,331046,0.041937590062463385,12886,2.5199736024869406,401.264033071518,82.79757403464767,4,0
3316,10241.598413983857,40752,0.018115976853977134,690,15.895263368411294,452.6867442742469,34.92130631594217,3,2
3317,13344.268230517555,94076,0.021255688563804692,1861,6.975802504775221,489.29021122973876,22.147628728289565,2,2
3318,24604.289547889166,218268,0.02692475067020563,6637,4.3702003771636475,166.8564387245266,27.26468009085418,6,1
3319,39279.16808931806,375862,0.04194052661528087,13564,2.4648761793351897,341.27885230138554,72.43610767200636,3,0
3320,42371.07680275303,655339,0.040995274808748844,26911,1.4367492367467105,149.4560407708966,12.197737274803256,6,3
3321,37956.16848550198,444808,0.04355028304029203,16341,1.844533750961668,351.405325868879,86.9715622462468,3,0
3322,42360.996621295795,522071,0.04215983138430488,19897,1.7069320145479776,371.47976673443753,84.1075744469801,3,0
3323,38152.21054444723,401370,0.03968162462612188,16478,2.160473334322827,59.85130272197484,23.156544798362244,7,3
3324,11327.69719462669,87746,0.019363996673325792,1641,7.614198494179492,474.4358129685584,25.57425883113073,3,2
3325,27858.408384493836,221935,0.027967551030635078,7119,4.60656517295902,167.03753874959193,40.97001339277305,5,1
3326,11236.394128601434,52124,0.019200161824691614,945,12.794312554947908,459.0005149536489,39.875419199926206,4,2
3327,40207.522761641114,635662,0.041654624059636,26865,1.5354979783053908,114.08245903649552,24.934614294640937,7,3
3328,40542.14084236618,545159,0.04223221871827124,23888,1.683538130855293,81.19371012057937,12.174229509399598,8,3
3329,37763.347373021636,518683,0.03755073310164329,19904,1.9207514110342652,86.51389563141005,26.39212224775741,6,3
3330,29588.230995998678,216830,0.02852574421757733,6993,4.823208016502083,168.83140635160174,53.4563100455878,5,1
3331,40745.63980953319,562351,0.04008276406382223,22996,1.8124521081753708,81.56464594860115,18.181865195673304,5,3
3332,25179.605323984666,154701,0.02672142422330346,4570,5.940856837160336,120.70672470104951,58.58221140037223,6,1
3333,10992.656448997826,61865,0.01592822385889938,926,12.390334395669072,480.5810735454919,32.55261706030422,4,2
3334,7629.101079054587,44529,0.015637021070001835,631,12.365589262349106,438.044297911521,33.05533630663585,2,2
3335,39983.97588026044,673618,0.04038782398316075,27561,1.4603112011849821,52.60245022975334,35.20783623680308,8,3
3336,37937.062507446135,385970,0.035443934471610546,12402,2.469586933459073,427.99776399984336,81.47187666459268,3,0
3337,9081.850652442408,34100,0.020570553366708048,633,15.483813578437559,471.0628851122526,30.020461508773266,2,2
3338,38618.60783607967,600108,0.04351796535583684,26925,1.475441259264834,139.23044222287734,23.77387572880053,7,3
3339,36454.60521782772,385204,0.03947925722845344,13577,2.3915238603152167,414.9308158643819,68.20007414825858,2,0
3340,4818.142613747925,18471,0.02232947590163847,360,12.705568585093486,411.1117198658942,31.748040286162876,3,2
3341,28352.570257494503,223952,0.025264904351701634,6306,5.331600355180776,129.4310782391808,45.846386318922434,6,1
3342,38130.57696149044,604510,0.04082096456076092,26369,1.4689292324619336,108.72803839706296,31.622188975862908,7,3
3343,10377.385116538931,30254,0.02499890795811916,692,16.181751202446645,474.7143020830002,34.995718102766105,1,2
3344,40368.14829575109,564789,0.04085312804967482,23173,1.7030470226725603,76.84186918089782,7.20436662920772,7,3
3345,27241.400695906887,200629,0.029254976104720443,6505,4.843987452036024,220.64393958771245,44.70976883768588,5,1
3346,40158.67277977536,376296,0.046351615855843145,15383,2.0370348069666684,358.1088705630393,65.96068705523892,3,0
3347,36679.41907902121,516548,0.039199925044956986,21625,1.5776520588741296,178.25870407234396,21.99108633506943,7,3
3348,6017.505684325321,29487,0.026238636087872795,723,8.69719702358052,430.83784119563086,33.39856371898992,1,2
3349,29783.32481834185,222991,0.029428438819833466,7158,4.668821468533853,193.98287817425938,40.432912745744254,7,1
3350,10458.24366369368,59203,0.01918714594378091,1081,10.32088890645563,465.2584674333611,42.1175119956098,1,2
3351,9173.28195726693,37381,0.02422596590106102,881,10.997478650036177,474.7860904346187,23.470696254793623,2,2
3352,35465.93958144633,558025,0.04217635428407825,23724,1.475330255321488,134.5158016825671,27.492672450794213,6,3
3353,39776.0568743326,409315,0.04353131854963229,15772,1.9805622010009012,406.6971706150955,72.30939226289304,3,0
3354,10235.096080554667,62869,0.021847989293813035,1255,9.27939234800592,428.74078097858654,20.33155982819232,1,2
3355,36818.80334580037,548308,0.03933496247574069,22742,1.600486609290806,122.61175004037004,23.16777724416411,7,3
3356,31469.833289891387,268264,0.030397080455534173,8960,3.9661508234740643,102.69552454854048,27.515374599626625,6,1
3357,42550.005110917395,467773,0.04397314604083884,19023,1.8595552008992824,325.8726380345573,80.05045484117832,2,0
3358,39926.91927425889,349676,0.04004732250786967,11821,2.8080280637197896,354.2644480030717,81.96319971312727,4,0
3359,7879.006736624755,36067,0.01920310140960101,642,12.908102401530048,495.0824645429128,35.58634759035056,3,2
3360,40952.36686477377,537880,0.043242519459480655,24479,1.7508775226856874,117.73134626258383,17.267022449921942,8,3
3361,10699.654567592395,66323,0.019676226919167865,1180,9.766280626250607,506.1189063686897,31.087024500655584,2,2
3362,39401.94320809043,383198,0.04205052708864278,14064,2.355337138794942,307.7551501051859,93.52855159304079,3,0
3363,28041.124671821024,267580,0.02573234664762012,7656,4.1737684935176755,150.7804255366929,41.71583970238657,6,1
3364,10734.845111379467,62916,0.023539926102654297,1380,8.061986724994961,464.8603688832013,21.095876691889284,1,2
3365,25011.185756647315,239125,0.026528042441588864,7341,4.192902573030727,151.28642134875048,39.12031622414381,7,1
3366,31146.132100945335,259583,0.026281922709733015,7574,4.579400982472239,131.9562152293261,30.301304887485298,6,1
3367,29447.34202256452,258651,0.026290796524832342,7650,4.49916311151118,159.68865181435905,43.72653018472619,5,1
3368,40031.44873504113,522126,0.038898321703734896,18057,1.8139536175946813,355.2866873278718,65.77807521992185,4,0
3369,29224.02068849833,237423,0.025123943435987374,6522,4.9434135945985425,169.62175999772404,44.0536983858212,6,1
3370,37288.85887503913,363100,0.03984971619306623,13115,2.5485296933741344,345.9055661410809,73.16141395989118,3,0
3371,10250.293357126206,61772,0.02184152389493971,1333,8.045461017901053,470.33759225153415,22.806090559220827,3,2
3372,30845.81884072598,271101,0.030065673985757997,8962,3.824122048299533,165.7819108171563,44.084892660625904,6,1
3373,8380.867165224287,33590,0.02288426323601895,721,12.566497333581783,414.46075125797944,21.79396068532021,2,2
3374,9192.782592830588,50750,0.018991160443703182,878,10.805562497927866,472.3453900183788,24.44863580158587,2,2
3375,38750.44868722865,543039,0.040220930574150535,21945,1.7758911138331372,180.4911610294993,18.756325796134664,7,3
3376,14797.903040903626,70608,0.01735166113955625,1129,14.347513071140014,469.735889270484,36.97082521483809,3,2
3377,3775.4230315248356,19144,0.018713280411965842,343,11.721572112515357,418.3459397804906,20.869680856969357,2,2
3378,32826.17206908215,256539,0.03403032713752646,9912,4.02945956415402,118.499188551083,42.91735264914583,7,1
3379,8130.997126113293,23003,0.020569522859795946,441,18.514812196975328,495.9410079569064,18.35942168563877,2,2
3380,37217.35192230289,484548,0.048124385679135094,19844,1.5929021276922493,388.4873024281905,73.87520777565774,4,0
3381,12136.500002993387,69858,0.02280370394606898,1497,8.765269020957511,416.79062100446976,28.74831941447331,3,2
3382,12012.525746530731,70459,0.022046756718926544,1490,8.175915668482721,467.8475984269682,36.2632028464038,2,2
3383,40955.84540768399,490614,0.038722230889567104,17030,2.0372136152900646,359.70453722796117,84.26833557139916,2,0
3384,35911.68550850524,393809,0.04481292302416595,15653,2.049034519520401,331.9846315915403,77.29117641167056,3,0
3385,11312.938318895327,67324,0.021019985759325323,1293,8.81621738443993,466.618188113026,23.59203876019869,2,2
3386,8642.79115953654,18680,0.019326140920320277,326,29.06723448427661,493.6568054118319,32.65532093110403,3,2
3387,7260.107331478528,34893,0.016135112376119847,538,15.559318165487996,486.2618703436945,26.9017091610482,2,2
3388,36961.521924198525,459964,0.040154815559087606,16516,1.9081324641294026,417.40155886101684,90.52401339776634,2,0
3389,6096.954272800308,18931,0.021009982690646196,372,18.42995403492056,478.74604791712204,40.59072134243157,3,2
3390,42516.14328188675,640874,0.0429799230218799,29213,1.4719088749050457,162.33944070153805,21.452842303430685,6,3
3391,38983.67666447775,374996,0.04504411017538939,15184,2.296119297257941,363.063781732056,90.81748335584328,2,0
3392,36875.94997210441,447198,0.03940304963013691,18593,1.9834600885351572,124.57804797023772,33.834932692510996,8,3
3393,37857.83742058042,401452,0.0427827693651335,15475,2.0531300113493964,345.89924872581145,75.49620973098229,2,0
3394,27377.35700419662,253453,0.027765039105878346,8167,3.6847535831440656,108.43383573962709,46.22795342654014,5,1
3395,37789.00578814714,495740,0.04277067879348889,21892,1.8408356479084782,151.899016732684,13.559901751720794,6,3
3396,10604.256931096088,56218,0.01939294437284218,1045,10.042514679907763,452.41847973393106,36.833001621958815,2,2
3397,24451.103842786946,201056,0.029066085539952817,6549,4.376600607244943,224.33888145520024,40.26089585428087,5,1
3398,35605.49047203395,540644,0.040502843151653235,22652,1.6075830825658795,180.01347261491782,38.58383880283157,8,3
3399,40107.65484654264,472696,0.047619432333668596,20660,1.9380602381906864,365.77094228525203,69.54426927807383,3,0
3400,40337.873677542375,543253,0.039330033820510056,21243,2.067716833357338,186.36787566815124,23.841570143386498,7,3
3401,28970.288271294405,175409,0.025458162153515144,4916,7.308492977917055,143.1782828239545,27.841360856099612,7,1
3402,38583.36732784411,601898,0.04146137739485489,25196,1.4973691812275685,96.83395781789092,34.4936169331841,7,3
3403,27980.103135165195,162554,0.030777962439567375,5641,5.694820491791854,209.44918533184133,46.73593287262185,6,1
3404,37188.29851770622,360192,0.03876727399276469,12457,2.1489601872770514,381.22400191462253,70.90269077868163,3,0
3405,41289.589293027784,639370,0.036289168040206356,24058,1.7770172671061895,116.3901633214078,29.270047161816404,8,3
3406,34566.21091372676,393892,0.0406162404489732,14175,1.8813788334421326,385.74631735825034,84.77529127342748,3,0
3407,36051.492747500386,461938,0.04187986621061161,16880,1.7517916400026539,351.5812859779783,81.53632280945415,3,0
3408,36420.88431242017,535929,0.03912073835147599,21565,1.6903746455784676,99.59001764593002,31.513248858628,7,3
3409,29327.307042946824,217607,0.026518526109534958,6528,5.171745384304221,221.21024214788514,38.000622043329514,6,1
3410,11387.97346285207,45755,0.024949686584024217,1082,11.581272008842202,457.22295982104737,29.816658050174805,2,2
3411,30754.440634067578,271052,0.025531291445274065,7892,4.269751125850081,163.88427631777864,41.64349645591976,6,1
3412,36254.47328798972,373618,0.046645021726806325,15564,1.8920970186540242,385.6439957894122,72.09752383930412,4,0
3413,34810.86637692722,541313,0.038577905086123104,21787,1.4800980614801784,105.13133782037023,27.667955807369516,7,3
3414,11293.202925993251,76448,0.019072121059087413,1354,9.51055169568572,441.6008701873906,9.053515906988652,2,2
3415,36759.80129125021,401426,0.041027245681800564,15032,1.954182740299034,397.92336797002207,91.82078026608778,3,0
3416,43013.401058873955,423452,0.04182387674976689,15871,2.349145616869871,447.02430190464844,71.67762606238374,3,0
3417,8323.826227953858,33983,0.02081910376164336,657,12.11666328299124,463.7605820985044,36.96225668878745,3,2
3418,31772.44062487449,260133,0.030226306040758544,8669,4.361103523182852,134.04516932088768,44.78923413357296,5,1
3419,31084.899562931634,245924,0.0300888304000851,8186,4.800474703253645,146.6282154669835,26.796215233346366,6,1
3420,6838.018977420106,53620,0.01798068346523072,894,8.129062793167138,412.5350985954984,22.704689644093683,3,2
3421,29978.2420777025,233189,0.020149908106791563,5356,6.497388848094319,150.43841368098057,37.76883839589906,5,1
3422,36475.41409879686,430957,0.0419053277465826,16455,2.040446337904153,373.42666798802327,61.303329009941486,4,0
3423,10724.490507915449,35066,0.019158502905115733,636,18.6518504996811,415.380581396017,24.039567848517564,3,2
3424,31106.559823812142,287058,0.026332447410896805,8309,4.080553547870741,167.49762835099685,40.0942084715818,7,1
3425,6024.722618868135,25151,0.016851148915090732,380,15.270890916090034,517.8262638739787,36.92720532004967,3,2
3426,24190.66560316967,198364,0.02692823765655119,5976,4.832488738207971,143.10362146117177,44.023471210091806,5,1
3427,34268.354452830405,502525,0.039044981546977324,19875,1.7540682619835026,119.39672188996552,27.612410374575312,7,3
3428,13144.813566534756,59208,0.018688394837684082,987,14.190895282578454,440.7287582759342,28.763985552568588,2,2
3429,27861.105601921507,206053,0.023341561430841904,5389,5.599336535484421,136.95763146128792,48.48367753388404,7,1
3430,7387.865722447494,48578,0.01935588607133975,910,8.257126837922499,475.32293537344503,22.838321405150683,2,2
3431,34864.27431897502,574978,0.042102050049704645,25183,1.4514224260019002,179.42270674509598,37.07177519614504,7,3
3432,5961.7483558222075,12384,0.022666943906164524,264,23.37118107638829,434.36172622890734,27.59499650989975,2,2
3433,4714.566256750299,12893,0.01640611462156778,202,24.758382496897166,482.0585884439778,40.6521456369571,2,2
3434,27097.622009970426,146201,0.03131911408278669,5146,6.148407366293088,144.81952870998703,42.29138678972472,7,1
3435,35610.31684377645,458043,0.03881393692112094,15372,1.9205623233822646,356.1244897043558,81.89717687697488,2,0
3436,40183.28348651022,408528,0.0405934560528769,15006,2.3093329793977753,378.9732592579791,73.12479161298123,3,0
3437,12023.950574101822,61967,0.02055065786429254,1159,10.877048879524999,434.20378173047305,17.235705924832924,2,2
3438,36296.86454669242,462162,0.045055304221458294,18849,1.630225911397616,365.48780376921457,77.06664066045997,3,0
3439,32921.566017959994,314569,0.028238403489255527,9840,3.956675636540289,143.89689481980056,40.419868428731434,7,1
3440,5984.868011876519,15580,0.016407898218159384,247,26.630468345811295,472.33087239955995,34.38759245348441,1,2
3441,36608.46453887013,453109,0.04424682000876317,21433,1.6323118812152848,131.57314139084622,30.440990352921656,7,3
3442,5789.219681636186,40476,0.02038772093874635,772,8.513770174088338,457.30557371596973,31.837293632941265,2,2
3443,34620.834504138875,413761,0.04386614514450371,16279,1.8441189392147852,402.14368438609307,73.54921307367444,2,0
3444,29676.48196764601,252367,0.02671447453752858,7091,4.831205977528046,136.56548194912102,38.39394444359805,6,1
3445,37792.64374115634,487262,0.042341417200863755,21238,1.711887381616093,82.39606449683123,36.364189991301096,7,3
3446,22469.49611407353,200757,0.029330766919779525,6321,3.8311145432798326,205.78463233133368,39.952597288333514,6,1
3447,41160.93497524205,638431,0.039901626726512165,25382,1.6245444503453557,152.16291080180847,32.3944347204447,9,3
3448,8347.0608240109,46656,0.01650405842423873,714,12.05066717686345,432.41419827857163,20.884698065556606,3,2
3449,43219.8351877179,694402,0.038843997826574835,28296,1.3185349249553875,104.45744628298362,21.17630749729558,7,3
3450,30641.907605648375,193875,0.026119734470190725,5697,6.016882638183614,157.09771077682268,32.520620267479195,5,1
3451,31660.19683332951,311329,0.03293394299893794,11578,3.1759708907459285,158.0869217123124,36.515616290234156,5,1
3452,37830.53806522304,544377,0.04296638136343083,23337,1.552019651531085,111.0083264726076,32.22374621086918,8,3
3453,42500.4595506611,468030,0.04601933304370583,19511,1.7689305642547808,363.3662583038262,65.57861048003247,3,0
3454,12022.3259358802,77589,0.022921323009826182,1763,7.090030563922149,442.17088695624483,37.55359968636073,3,2
3455,8668.778640312717,40265,0.022426066539991175,862,10.509882681489941,392.36556134930663,25.146971451844248,2,2
3456,41824.0458935215,409326,0.0406552133401751,14268,2.557853158679772,392.8168204727169,70.42942772193989,3,0
3457,29066.2087481838,274011,0.027202550568598702,8239,3.933249948532598,197.74976207008885,40.16258472575358,6,1
3458,27676.24662016333,246866,0.033578933421455896,9124,3.6141795262879275,104.45783810917992,40.758221380531445,6,1
3459,10984.409943173916,57600,0.02127982349590781,1154,10.370247083094984,478.46552081711104,36.609581002736846,2,2
3460,38685.80409153861,386747,0.04359600796360856,15794,2.121407870543624,503.694972282479,74.90307915267395,2,0
3461,37898.61557895344,526069,0.04132841447863056,23289,1.6811446324822805,87.91582776423839,22.45703648369145,6,3
3462,35036.188298503184,331055,0.04055209261080488,11780,2.412149944484565,322.158505670934,74.24531894446808,3,0
3463,32464.809883457638,330586,0.027143475290425143,9855,3.549153989071346,190.10520032409374,50.3956931005935,5,1
3464,38249.0510812323,432072,0.04236593391312556,16223,2.110225599696651,397.26050917779696,89.88714512201577,2,0
3465,10690.98580394976,37877,0.026977103547191537,961,11.258762219677326,414.83067251284893,16.074716199705307,3,2
3466,26905.754526802928,256615,0.02903055330124997,8433,3.770078980138147,176.86014499421253,41.04921249668052,5,1
3467,39493.35271980646,504537,0.04152354444095009,20883,1.9176765433058953,115.99081593121508,0.0,7,3
3468,36816.64882783237,560806,0.036543539405875076,21503,1.708223253436691,134.34078315081553,33.736610437957836,7,3
3469,29452.254052786586,264042,0.026301223506006256,7775,4.582111589622456,201.039561228687,52.714708753789786,5,1
3470,31936.301704922138,354169,0.04340211830844201,14113,1.8885974011234987,397.73889356301464,71.3103114178415,2,0
3471,40960.84396121169,602334,0.04405231578292532,26578,1.6205273246438585,113.37561960496309,15.202902879394568,8,3
3472,33446.18539805662,239715,0.029544007370863115,7961,4.487192100611869,193.68637935656227,26.48062702584123,5,1
3473,40443.54175005015,599725,0.04096029941878914,25157,1.4691546024798396,170.1432324883944,36.67386622922121,7,3
3474,10588.673609358066,50093,0.0195305325192838,910,11.994333680088621,481.00784298075274,17.91723493623566,2,2
3475,34868.90114175869,311313,0.043682457237910186,12498,2.495634026688595,394.45041351855065,75.30283031577297,2,0
3476,10115.669366030152,62276,0.02285101840370654,1393,8.025216215842512,452.732866232222,29.992076207851042,1,2
3477,35847.71215862583,401667,0.04401405827454128,15799,1.8738233029796454,374.0949824718603,75.09868792964294,3,0
3478,41953.90438950298,637185,0.039798391075189905,25326,1.6050908847912044,121.91891192502001,26.726193038602712,7,3
3479,37624.02351402083,368461,0.046381841378924246,15182,2.0373192041044454,424.6652642669587,74.60616428084191,3,0
3480,37604.14204916228,405909,0.045650106275430175,16843,1.8951762737328781,379.33746391066114,76.0486524033525,3,0
3481,12351.505278617537,27128,0.016439809278140965,421,29.416594052319198,444.6811574177158,40.34902299272012,3,2
3482,42212.30686955009,398866,0.043336259105620153,15395,2.293368891973587,422.0411518925442,75.86236607319549,3,0
3483,42119.708115019625,452668,0.043205096980982974,17136,2.20471694723097,434.7707589566352,79.91833400129251,3,0
3484,13786.195724831498,78259,0.017952254300680294,1289,10.89973353405371,491.55802475539014,26.94766770778907,2,2
3485,13562.178451437328,86613,0.024306607507919534,1986,7.626857216577664,471.4616109306653,43.08383141696825,2,2
3486,34164.09558862671,460577,0.04421411547039782,17891,1.8280278746004943,333.1547001223059,78.38191710231199,3,0
3487,33835.451906803806,289016,0.030899690250108545,9902,3.7169574931107237,213.11802240043514,44.7198679095907,6,1
3488,39904.31882466879,466292,0.04370398795884712,18136,1.9193874381384393,428.1941367887215,66.74788883880566,3,0
3489,26969.802570031876,202550,0.023104865298267985,5212,5.545553584257993,152.74198680686993,45.78781009717384,5,1
3490,10704.52347175024,27798,0.020094976978729313,540,19.429724247456775,400.4506416797642,13.567643826448334,2,2
3491,28547.154212541067,239948,0.03121241171406504,8334,3.9766355473944563,197.45997914819623,41.23772315037763,7,1
3492,34433.07565909016,363617,0.044624969227869495,14284,2.035090806915546,284.8738140933247,77.82330150719723,3,0
3493,38225.09573299423,667059,0.039180599780470796,26459,1.4099385145338745,116.34122567529332,29.77542583984797,8,3
3494,9067.936030399258,57959,0.02067433676797024,1129,8.984697598015279,429.2648027286843,22.708483276331712,2,2
3495,41765.162216566874,473064,0.03998160378096695,16591,2.149925371878064,350.91148655034925,78.48418646648557,2,0
3496,35516.33377383179,412197,0.037537267515911674,14091,2.0051364089594195,336.6088584392766,78.45586088959435,3,0
3497,32898.91255636508,410599,0.04212913726477858,15136,1.6821216587225016,314.2485505840262,67.47000625320815,3,0
3498,24028.1971195872,188739,0.02871639079224684,6041,4.412272592606059,97.94325352887209,51.39517759952682,5,1
3499,43813.751220666156,429375,0.04205149342440706,16071,2.389563061324084,416.4793211166878,74.6694229411633,3,0
3500,38150.61203845179,639210,0.03853920352580472,26093,1.4440267287062958,48.69489350589544,39.72161040641193,8,3
3501,38439.5365762456,591491,0.04101137813097577,24117,1.7572864431360036,160.9149736957262,21.343021221289234,8,3
3502,28471.25311805663,267483,0.03051648936244411,9340,3.433731968490034,118.66193806678366,38.83391724094171,6,1
3503,9517.404764759314,48074,0.019252441603326273,872,11.278829049960457,458.4385032073748,39.191774696620755,2,2
3504,35686.39486085467,603570,0.04342045843889416,26895,1.3536845588223119,97.71907873323921,30.686865292825477,7,3
3505,37202.81490298186,372257,0.0377656599265477,12700,2.4840826927356603,430.6333278992865,85.71847566311361,3,0
3506,10714.274252277146,23600,0.01988210523948678,456,27.37775688488378,455.02649382609275,18.765864936603847,3,2
3507,25547.466232198476,291929,0.026020451634707654,8544,3.5667796057592582,201.50774924206377,39.31616605469082,6,1
3508,31828.022852304595,283248,0.027035768292424107,8678,4.351197226333184,257.52947208292153,19.970896004203663,6,1
3509,28122.0458269069,248009,0.02704036962069862,7483,4.115301349931767,150.34107483940213,43.45171690270223,6,1
3510,33487.78947028186,383428,0.0394657942169014,12858,2.2278337866400246,393.53918818740533,75.17511107216832,3,0
3511,39225.173933435006,558120,0.041651808461897484,24568,1.7357868083245063,184.15604224113045,15.718042030601245,7,3
3512,27189.865002593408,259550,0.026683926752222975,7644,3.917961856035708,193.67269457692728,49.24003885455048,6,1
3513,36560.37585888946,402532,0.04151328467003237,14877,2.2388290843543532,370.82892480249956,70.77013389037242,2,0
3514,7678.712717212173,38839,0.018095767824295624,661,12.97266305056994,471.6459977250384,24.574815547830557,2,2
3515,41557.63428641814,509586,0.039292227054812716,18208,1.921862498273379,398.7469126077105,81.54705242498126,2,0
3516,30658.137336426986,293577,0.025834930861088262,8196,4.375084064404627,156.1314491492028,50.304490631602285,6,1
3517,34351.46277548381,326181,0.04232647833382227,11765,2.425310064969669,429.0132214325265,83.29049692695945,3,0
3518,31307.97960981156,265157,0.028241245338605996,8184,4.62163230716279,196.96091433828755,33.23726928289885,5,1
3519,11220.94147030576,53985,0.018413244183395613,869,14.391089018920066,510.53160765200886,28.94972437424587,1,2
3520,29344.13740111611,189728,0.028039410602245553,5821,6.021916884987363,173.03342749903445,46.00511695122243,5,1
3521,9468.379721677145,39421,0.01693699667119445,622,17.07589252046377,470.8977909871207,29.121188804497944,3,2
3522,11015.54217068384,36377,0.024255136224181857,824,14.589734336864943,466.6953570145256,29.201834285190493,2,2
3523,38117.84008738722,550839,0.04145655769079278,24387,1.4669438138532664,126.47402691701694,32.476752244655174,6,3
3524,38286.27580735384,546251,0.03795926767179995,19965,1.9462965940668167,160.42976510034754,20.695435008190582,9,3
3525,39869.23300857028,535401,0.04059922357952097,19148,1.770874876390891,431.0778799062432,85.00373283841454,2,0
3526,35655.908980088294,537267,0.04211854592751928,24041,1.445042686677426,64.47959301132082,18.845042044173383,8,3
3527,9906.484084542233,26108,0.01660491932200961,415,25.28247934414455,528.4479534378802,40.85470969560416,1,2
3528,39196.186476428426,573355,0.042066408066290376,24533,1.5091106162266412,158.10167211842972,43.393746513504574,7,3
3529,9438.122643693394,78285,0.018960882561784933,1426,6.98232006151661,464.3102520377022,32.83445455289523,2,2
3530,32160.872358344575,276664,0.024120969058408524,7478,4.9639303429343204,207.76855824142055,40.61454846600425,5,1
3531,12167.130330121616,44845,0.018747181098833193,777,16.54408382048722,469.1282793653124,27.845720630396926,2,2
3532,44592.35524528007,610693,0.04246493076819295,26306,1.6329885746696389,118.37461868743429,29.583860285033854,7,3
3533,29233.51246455115,274259,0.027868419998241967,8359,3.8084397996980437,164.12977520760552,38.655276994016454,4,1
3534,16390.586746382443,65362,0.02182025586602529,1303,12.456899047405209,457.57328784557205,30.187850465490662,3,2
3535,5793.904582124243,27727,0.02011482221986513,535,12.304022973869765,434.33926055697503,24.08556066425163,2,2
3536,9603.451795895957,59818,0.016454232178672184,952,11.152322718782935,507.1048732556394,22.17625986275188,3,2
3537,42211.55330214024,585253,0.03494664443816935,22014,2.1223888544493175,157.36573397787984,29.431485051864097,6,3
3538,11204.350805992897,50193,0.02122691580625439,1010,12.128914257002197,470.2540362515711,28.194649817384214,2,2
3539,24575.93254220987,165215,0.03094292307986265,5840,4.675833961932241,153.7289254598703,40.60776447449715,6,1
3540,29161.337315629607,173854,0.035242270177725465,6998,4.781697504939307,86.81228724705107,37.57913783293553,7,1
3541,39308.13687614124,395303,0.04171870864708999,14653,2.1721568576379076,359.2866370932109,69.14072630483466,2,0
3542,42510.52883903396,585093,0.043644824400685275,26896,1.6205898802990342,102.50942450853098,35.43665644762017,7,3
3543,33806.58783317712,357790,0.04164739686625708,13092,2.297482564255974,329.950585990248,83.86510497692545,3,0
3544,38400.39731160319,466166,0.0433369508795577,18030,1.895695131299448,366.3453323226964,79.41020707124041,2,0
3545,38106.00579979423,493366,0.04543170432383882,23099,1.6412747270322827,162.96362594110477,27.523027130513135,6,3
3546,29505.973355256217,231856,0.03650241625225978,9712,3.7284885466502304,174.06216928227732,41.025671150632476,7,1
3547,25258.12705566549,192810,0.026257645909505765,5606,5.325761530181262,173.31292196522952,49.12113792161491,6,1
3548,36025.59390334734,415153,0.04268525767455535,15880,1.8307039979217898,307.6334001793404,84.90504174202104,3,0
3549,39860.03760688285,521200,0.04241410997450967,19062,1.769288693613087,448.99297230187005,78.03797968502046,3,0
3550,3447.1184375129533,13578,0.02258020770848057,279,13.676298102947872,484.7438007052182,19.997716826408162,2,2
3551,8712.808495840523,40460,0.017945073727594282,664,14.594769171305874,430.0073518659827,10.949555491906102,3,2
3552,36086.340302256845,344096,0.04012678885654625,12196,2.456914877591193,445.04867783547706,70.68637487833104,3,0
3553,40495.84737868245,528698,0.032570506270340305,17198,2.356869803715682,159.63997779793223,24.200410142327474,7,3
3554,35976.773825457596,465496,0.04472440403838675,21526,1.7855805924507926,107.54199490897025,23.701017359320222,5,3
3555,10824.375161752838,29228,0.022808100559452375,640,18.878983591096546,481.28976428718846,39.05394322178075,2,2
3556,29228.568454855078,267352,0.023113666862136617,6896,5.1211557395632585,214.54796239226792,39.20899113232732,6,1
3557,42925.37037359913,638375,0.03970412448606136,26703,1.5351801975148707,135.98950540592273,15.311358146610921,7,3
3558,6540.29429730804,40032,0.019393028427913513,745,9.551125047966575,515.5973707245187,11.258815141191509,1,2
3559,37206.9171750988,548579,0.03787451218287164,20933,1.7487462577306492,122.71896785903121,36.14580453439065,7,3
3560,38640.087088214954,609318,0.04223700333528285,26574,1.4727269756510453,121.70352468095034,21.713901631113192,7,3
3561,8842.991801204811,62205,0.02365646889010755,1378,6.897406198585532,491.11317812704755,26.85636938535557,3,2
3562,34390.007135643405,472668,0.044004511027202896,21886,1.6400892260973559,36.3701917166239,31.297430131603114,8,3
3563,27138.04804892072,149563,0.023518738033961598,3918,7.715897754239437,143.61389811509582,36.369899946067605,6,1
3564,26603.222865908006,241185,0.022949784415599837,6085,5.118219762423361,140.38449747683765,42.07767688407829,6,1
3565,36828.71185523992,342100,0.042787613787424114,12791,2.5696242147283836,364.8921351156881,76.2778176918209,3,0
3566,38348.21230690566,588413,0.040850960570434476,24642,1.5143668612216006,124.18556491210158,16.515407240691086,7,3
3567,26148.027773918835,273669,0.031104776187014196,9192,3.35431762495602,145.19667356359835,24.01711425611402,6,1
3568,11088.088857769879,53153,0.016135261309703386,830,14.299658078292648,465.8641339058384,28.457419217412365,3,2
3569,32388.692751186707,256959,0.03360721460172329,9714,3.8793100333724153,117.29647277845558,45.083161932799676,7,1
3570,43248.98744426897,462313,0.04459571758662089,18598,1.8125962688994153,375.63329784759287,73.87509016040893,3,0
3571,32895.95756882109,449313,0.04663193811831673,18637,1.5443218358136894,392.4208360475813,82.82391610751212,3,0
3572,39421.99162022622,563100,0.042979405159362945,26281,1.41515022677525,111.10243974367174,16.626595356604525,6,3
3573,35672.74853801868,601734,0.04274911463457442,25463,1.361211941785857,118.9401673578828,27.28832525771276,6,3
3574,32050.2538358357,235226,0.025682411764876234,6746,5.693883027113851,187.79748477913392,36.783301627986184,5,1
3575,37169.568774758925,470075,0.04237841016500062,20954,1.699670039613389,121.63631284301088,14.924040759417004,7,3
3576,40116.326295437284,442216,0.04430967990949707,18134,1.9374046876934943,414.09057105041103,71.39433800458926,3,0
3577,24360.515653724073,202544,0.025101070270329172,5548,5.047860237280003,185.63646890351583,37.40568461039979,5,1
3578,6392.253680441306,10716,0.021027760192035352,215,31.634677973524223,477.2355242951144,32.85758539457767,2,2
3579,37305.85563294829,319378,0.04291781262529647,12743,2.4385128196965784,452.4636726001213,84.75035327109825,3,0
3580,41604.96177410842,661453,0.04174343177618436,28521,1.5549069813147331,95.98983939929607,28.972575201240065,6,3
3581,38621.88437822673,579392,0.03996336370908325,24548,1.5960408717535042,149.44546952207727,18.165254928554305,7,3
3582,38372.786808790515,378518,0.0461781929046237,15647,1.9900685246299616,392.8831639823224,74.3806665258559,3,0
3583,7888.460961720103,35621,0.02110452448240035,709,12.272474461385661,510.9701714137047,28.20824343638494,3,2
3584,35633.61173929142,516132,0.04316124581633185,22727,1.6754114958616342,107.13567250788135,38.83851476015388,7,3
3585,12793.79066131458,93856,0.01767143913751272,1594,8.67008208846014,396.0962616680216,34.58041885291425,1,2
3586,38713.320176598,449637,0.0458787601702622,18113,1.7893425800445037,424.05742224529246,87.34690600263745,2,0
3587,40901.916316878465,738116,0.036986475581760186,28376,1.4115774085061141,60.66124725088392,19.019044497964877,6,3
3588,27870.80248159317,157852,0.03059800757976252,5245,6.087522736012752,137.42861348396883,43.95655962201764,5,1
3589,41807.04648061957,485855,0.044036067280129855,18515,1.905775448056438,381.3257799532938,71.54048250413379,3,0
3590,28477.58951506106,267868,0.024779904071197907,7229,4.502082864652564,125.9461531761495,36.781850086861624,6,1
3591,30031.77925736999,207740,0.029157342438494903,6994,4.846702437497483,152.87018177781385,36.42321305126393,6,1
3592,38690.25262199918,495935,0.045717173842821396,20998,1.576008597670527,376.16976633765927,86.2527718764592,2,0
3593,36879.69949160595,484814,0.04180545056130252,20983,1.6760068105653334,164.39832684932256,16.340427979198882,6,3
3594,37725.58381822092,502902,0.04051964364683275,20581,1.8143351659566564,125.12059254592315,22.1981614174929,7,3
3595,36971.70178816519,403777,0.040284967352170756,16622,2.2886237024031666,71.1597901896863,33.71709773410681,7,3
3596,29146.24452186542,302896,0.028253796234518708,9500,3.4037065526240053,126.32542806982318,38.07949531875997,5,1
3597,38598.88655953576,408315,0.03989784364779584,14135,2.299145857802406,382.80973861472006,75.16004028229395,2,0
3598,34973.89527397281,374545,0.04289178646641798,14117,2.1832202125859865,368.0478489471794,68.88942977246484,4,0
3599,30395.254958299916,223121,0.02873462329310513,7178,4.96413619831074,108.6591238621388,44.360261199698456,6,1
3600,10535.367042222422,49662,0.022965817569790922,1007,11.229039517830463,475.22361251100494,34.785294991106554,2,2
3601,30227.865750451474,295831,0.025122597354722387,8473,4.328209839002655,200.41308410250753,24.714311757300916,6,1
3602,34923.677512520924,382312,0.03833708495116893,13109,2.360872268336355,360.56838444541415,87.22011862747114,3,0
3603,10832.965457643697,63763,0.019688541342135487,1190,9.54318063977818,412.64340928889897,40.42468767141004,2,2
3604,7321.040595351425,45350,0.02199646922391542,929,8.547836076912555,394.3985180279946,48.35970768873018,3,2
3605,29064.662356555895,300099,0.024309913973509137,8055,4.094783495978408,158.87822668212053,38.7977586243593,6,1
3606,7320.756782807263,28314,0.018253157495186856,512,16.661625433337658,451.0076630402367,14.958604033904782,3,2
3607,22686.73302430495,212499,0.026975935157130676,6145,4.214674525162896,140.08138086720163,28.595232510373688,8,1
3608,43689.07332934119,527187,0.04124586010288177,19122,1.9017653849835892,396.97160708767456,86.0639491292006,2,0
3609,8837.27677145293,39666,0.020336158530768075,769,12.468157962327538,477.40758157065176,18.66050157692154,2,2
3610,26227.219082361717,199575,0.026473128042133892,5896,4.966190702921566,255.1712926589768,40.7799843681697,6,1
3611,7586.484907581742,29707,0.019279830726965614,522,16.00073684686178,425.59760773873165,33.8009451828268,2,2
3612,40428.485389633715,583593,0.03917284281996464,22819,1.9130360396238577,99.51762301434245,21.95317675192245,7,3
3613,8382.459200489811,39325,0.022443381990301645,752,12.310396699514072,470.38482699357064,34.48599272027183,2,2
3614,38406.062931571,636819,0.0430921276922558,28864,1.3285934751264121,99.74662154196221,20.24323728053183,7,3
3615,29066.314593547686,246968,0.025003092985781815,6851,4.820665859914601,245.6404949945167,32.47741036095397,7,1
3616,40368.777802357356,509356,0.03969154421411057,18175,1.7934067488564518,396.49989064530865,75.81250504471517,3,0
3617,28211.51577342949,210331,0.02430380887080969,5594,5.646778077847553,179.19925869977013,43.528489008210734,5,1
3618,39079.362600470624,444779,0.0467562010565871,18755,1.7950515437452068,370.33459221122587,74.94364021035625,2,0
3619,15139.08048323277,80898,0.018457384868137004,1437,10.839584312974411,402.3667389298527,28.312040470578125,2,2
3620,27082.10379993246,291698,0.02876036552642855,9211,3.376502039880736,106.03765577608338,45.252561562521464,7,1
3621,39099.035716563405,488041,0.04322661758286347,18423,1.8196848247776722,366.05674239043896,76.42760378647475,2,0
3622,8029.211542227413,41113,0.016568376043354767,635,13.961215477472239,492.4910902832811,31.995832909765827,2,2
3623,11663.32019213369,56070,0.018274813445368156,992,12.604388859858743,472.53575812471814,35.447321871944816,3,2
3624,25871.997576473153,252586,0.02665648863218984,7533,3.889275395401862,137.60305131537447,42.06716106665108,6,1
3625,30955.480379930228,270865,0.02674149075775032,7909,4.739128198143725,185.00808744795205,43.577739697207754,5,1
3626,39421.87286159604,288958,0.04137294355928161,11030,2.822658887606988,307.84930090672975,71.54848240017256,3,0
3627,26531.642116571118,266461,0.02840525947852588,8691,3.2367101185608362,186.4793584550979,45.17663501210441,5,1
3628,30562.895508232956,234840,0.027566169189400802,7652,4.573141877569065,249.55547661837457,41.11605503207875,7,1
3629,40674.80566656733,550458,0.04207242881438617,23423,1.806135105632858,103.21965467861448,24.01326787053769,8,3
3630,41105.233988629174,530277,0.04086796091908057,19877,1.6773556303764134,384.12142845416923,86.16367144439276,3,0
3631,39061.72763274707,604806,0.042430338780441855,27006,1.504738862901014,102.38999539228544,20.15736634806928,8,3
3632,38681.50398720183,405226,0.0409603493463905,15124,2.2139575575310406,394.7212363489175,83.61353667107198,3,0
3633,5535.492837363618,19469,0.018517205323809002,349,16.46214428873573,433.6066368138385,28.682298743316593,1,2
3634,8141.855347856662,33976,0.020351038000615676,626,13.505495487270652,479.17194791337204,35.335995978207414,3,2
3635,43874.034952527865,461198,0.039005209414076064,15877,2.3505662296623675,435.50788715011873,74.82301633981837,3,0
3636,31436.778918124262,118996,0.027862727467344132,3828,10.458928421103638,242.36361882674638,30.087029732474456,8,1
3637,41113.22783882585,420293,0.04313848347687024,15904,2.3028197289405687,355.9279674075633,78.3117777217855,3,0
3638,6398.6336279882225,31571,0.02043871812707368,575,11.897582953187554,481.0841783295482,26.05984684124095,2,2
3639,39783.76969329701,488155,0.04085901095864542,17781,1.9567754271704179,465.47035800523486,61.2167182318194,3,0
3640,12548.643649563975,65229,0.02155125122799111,1337,10.164887050522067,400.088437599644,16.952128514938035,3,2
3641,39005.33242972419,563008,0.041723714182297506,25071,1.6110093992893901,86.49335866374719,25.384357109432994,7,3
3642,39752.99161483782,331763,0.044782486149781135,13577,2.4284838380043814,397.65378229286154,75.89389930576583,3,0
3643,9334.500304017341,48767,0.019908173913045432,898,11.027472375037586,470.2079945666255,24.214153090091763,2,2
3644,4029.9187408394178,15489,0.01955648423986446,296,14.078095607708066,458.4062785088141,37.25961466849446,2,2
3645,27816.231771433926,221783,0.028002829096401213,6832,4.638818259265009,198.59085094708297,53.142363106724424,6,1
3646,36602.37005906337,453229,0.039097592217655894,15855,1.940085616899455,411.5792309441529,74.01495009595787,3,0
3647,10244.103388619875,46603,0.021970920041214655,994,10.315276698932283,468.55560102536555,35.163444867826904,4,2
3648,12671.981487505243,43645,0.024813730387463005,1022,12.810738934807787,526.3641235265851,27.867464393016217,3,2
3649,9612.006807308817,57973,0.021259903541552452,1220,8.448524581032164,415.7605660984771,38.32275855425328,2,2
3650,36659.19603539359,435662,0.04610532010951791,16842,1.7958032463391542,385.5993566877948,96.21812112976218,3,0
3651,37400.16414377479,632712,0.043940220076470554,27171,1.3831584457789357,159.4563702552668,14.23580266528377,7,3
3652,27497.31979244614,171059,0.029720243759288313,5800,5.245999494179045,181.9373759948858,42.81429393061419,8,1
3653,26107.803048716316,170987,0.02533756628464339,4633,6.438368736041483,159.0597419986422,37.924821876070254,6,1
3654,6764.417668000326,45099,0.019365917753279813,829,8.62232766629447,436.87576238551844,31.56392230859416,3,2
3655,12496.95988643035,44324,0.020900737899534144,895,14.68800821911071,522.0744089030455,29.19592515728179,2,2
3656,39088.0960294506,406921,0.04452423050214769,16138,2.0541413503469124,396.6765744174545,69.17500409355084,2,0
3657,10737.452434048895,61078,0.019002087475233978,1073,10.467062530435687,450.15553949660165,31.817428117530866,2,2
3658,12397.528650062859,60019,0.01786067361771749,972,12.99960246636843,444.73388575860974,36.92943114272687,3,2
3659,30658.664538247504,268815,0.0256423237056655,7562,4.291024866156212,89.46294638317562,29.2169560956782,6,1
3660,40286.83584293553,657341,0.041918978866476275,28917,1.3972079289118178,133.6104157130104,35.666710956160244,6,3
3661,40957.97239572652,379214,0.03947277579330218,13682,2.792663041375839,412.3261082721861,84.29247289258308,3,0
3662,28787.550290987274,192890,0.026586482082883257,5863,5.690242300439005,176.72357159977514,39.64967971506114,6,1
3663,27338.894522088784,220544,0.03132611923002358,7879,4.068621305727371,128.54295400159643,39.26200393074736,5,1
3664,38387.64045129147,449128,0.04126825750299002,19091,2.0151561471637334,166.31365370847294,26.31019817628784,7,3
3665,39900.28067592439,357195,0.04055621738997228,13421,2.621022011434715,421.4651593015505,85.55348725528724,2,0
3666,13737.686856993043,53642,0.022037782409405654,1104,12.254351066383043,499.36540808648874,22.209574132099917,3,2
3667,29950.966827844994,278839,0.024451029221207517,7081,4.8327747378941694,183.77393847496802,39.64617550512,6,1
3668,34501.05426530661,414579,0.026690330951407673,12273,3.365651967454871,142.5797198348214,57.06017411942532,5,1
3669,39643.973493757294,423440,0.036983380638569194,16355,2.438499825382205,101.57173030374088,30.016391792080622,7,3
3670,35534.261209891985,521008,0.03847039563345471,20665,1.5441167190276666,97.84233557201722,33.788024774753694,7,3
3671,8807.626519149027,27631,0.021443185165601418,544,16.130007389873537,470.1823262655356,35.03226200770693,1,2
3672,25703.864480311586,213513,0.02528946285390293,6159,4.971379264540614,131.77809684984715,28.61762517314826,5,1
3673,10407.242723472164,68566,0.02171666041140671,1376,8.384704427754814,378.9660441591225,18.35056969626137,2,2
3674,12750.700145836638,51466,0.01932430151057892,908,14.337908875750525,486.74863927078223,32.04802718658469,2,2
3675,7658.463829605412,53902,0.02093933883249255,1052,8.05637586121332,433.8675873960178,28.645454690489935,2,2
3676,29893.588573656372,264268,0.024787946292192505,7441,4.371776059934335,153.54997032678563,38.82633410522555,6,1
3677,25730.897255653457,263994,0.023274226394910523,6910,4.371532292554594,131.51105231689775,40.598613217990206,6,1
3678,35096.53838900373,527249,0.03925879326046157,21113,1.6384610160612403,157.15316678322515,9.576768278666027,8,3
3679,29823.175087242762,307083,0.025475395554696648,8804,3.776782289721904,57.433130991624786,56.973709875420276,7,1
3680,6773.651767593934,21418,0.018066261760455834,366,18.934165838505404,431.83642985227647,28.662812631585354,2,2
3681,42068.53545105773,699309,0.039583529940491,29142,1.3751938741465484,128.9940867318957,29.01737806916349,8,3
3682,23543.536308870043,204871,0.027612627231370576,6366,4.172646484911596,198.25996361009913,42.861745484791136,5,1
3683,35255.65252654494,361859,0.04037950485079752,12699,2.4536709880878136,422.8814074266328,68.78122397385152,3,0
3684,34730.17325058919,581208,0.045253558444828604,27307,1.286441726281917,115.25535344952817,9.391466078511677,8,3
3685,27402.908900180344,296089,0.02677801948128975,9112,3.514213878681481,147.87822793693115,37.38096766632542,5,1
3686,4371.999587188164,25284,0.02230740776399346,530,8.891778254379313,600.0,31.829724368340965,3,2
3687,37986.5405690218,435328,0.0437818485690935,16626,1.6863392035151563,416.3142614241435,72.62980187985069,3,0
3688,13635.866975109691,64863,0.017962969585668953,1091,13.568630638865622,499.62482926129564,16.65439215889718,3,2
3689,9958.422060984996,62083,0.02348195874308385,1333,7.796511670412649,479.13648203171186,29.941864352951335,3,2
3690,26637.40106224648,156607,0.02613352896153505,4497,6.824519441360414,185.29145456007774,38.522135143182176,5,1
3691,36273.72840015452,477875,0.04443403917583989,18924,1.4360081245742762,311.0240003118225,93.1268632998946,2,0
3692,39239.329742616465,613938,0.04306186156494528,27637,1.401296629639839,153.40314034355706,26.556945707465534,7,3
3693,29412.112770745054,300234,0.02683001337112019,9103,3.7782236263224425,143.21181822467864,46.01750364670232,7,1
3694,8400.474874735963,46705,0.017815214288432572,746,12.272821430601384,494.91564156335824,43.8214062430719,3,2
3695,42002.283953970684,452183,0.039320260308118415,14714,2.3769555913829024,357.95117133569676,88.89667899176739,3,0
3696,7119.0075319347825,39498,0.018637607174203086,689,11.037511801003262,479.62836867976654,23.571449784809868,1,2
3697,13805.937148145074,47073,0.019420255753718196,866,16.14287774220878,467.68085505361086,24.784268609130635,2,2
3698,39097.65494838913,451989,0.04382348145703831,18705,1.8745308712951259,386.5032344428216,70.35281156980831,1,0
3699,10664.497722487984,68701,0.018473311589030244,1226,9.465253900645127,478.2709799733687,23.683246861736137,2,2
3700,42556.959764238345,462185,0.04307113731238748,17702,2.1416620676848774,270.4355991914944,73.54432232046305,3,0
3701,5717.832054285985,23483,0.020736614677252133,458,13.797970537393903,486.5987859227593,41.530516362667235,2,2
3702,9603.703088416543,34656,0.017254026103994666,549,18.222896734840496,491.9912520761247,31.45433034218857,2,2
3703,40759.411132874324,544027,0.038948882384631664,22167,1.7844045045476649,97.07124285887933,28.42094648601488,8,3
3704,34125.07417139997,448394,0.042329393492469614,20431,1.5634291380579544,178.17502670970046,34.03870818633524,7,3
3705,11746.476641823754,46669,0.020896666248613013,921,14.846813317911092,424.8352211266859,30.49979346349112,1,2
3706,37207.1539459852,537292,0.03855251146667668,22112,1.6655068648688585,144.87422605615637,17.43907161185828,6,3
3707,38583.73026095672,528774,0.04273308568080653,24354,1.6659745713453713,113.66560753556072,27.597704066174988,7,3
3708,30172.69199428884,364591,0.032716198182939034,13304,2.5299730942214427,191.77246254714836,50.324493133262514,6,1
3709,33685.4412777995,413386,0.047196313195727646,17105,1.6018889583607046,356.38990757451023,82.38786138800616,4,0
3710,7981.294008205456,44978,0.020781101678715747,886,9.74759545604234,469.2336537524791,42.98900524364566,1,2
3711,7413.895293448158,11224,0.025324720143191273,264,32.08844576745878,517.3195449130045,31.65209519552984,2,2
3712,27101.024010097084,174709,0.030196495891150713,5685,5.2107400434398,164.10547253723905,38.111069734423495,6,1
3713,14043.930613832797,52175,0.01991504498216405,992,14.401442552219413,448.27348913152196,22.9773531793398,3,2
3714,11556.030489007668,52331,0.02025341512271299,1054,10.83008251945934,437.82548844285856,31.287100380511244,2,2
3715,41005.46453245278,379177,0.0471024472962117,15465,2.2488456804342465,356.2190189034052,77.99505071888791,3,0
3716,27804.869590481496,181337,0.02539498864052537,5132,6.269703128185077,117.8710596245383,51.0769900451417,5,1
3717,34316.363661924355,495647,0.039296446030190044,16129,1.7671280515166785,358.6691183642006,77.60198937816708,2,0
3718,42197.82413261578,634859,0.0385471781190408,24632,1.6389414335678054,109.86041895202737,16.45929403197517,7,3
3719,35942.17907162951,576434,0.04036362506309756,24074,1.456883229287483,150.2801260467649,29.11999692805731,7,3
3720,38689.30646555679,448313,0.04508534968283021,18437,1.9686896112466057,339.49478929600724,82.87192526065574,2,0
3721,25029.51774186076,186558,0.02946372590712077,6375,4.1743182182708605,168.19442305360397,43.513703175707384,7,1
3722,9074.449808867721,38988,0.021066963246852262,792,11.762387176372293,514.3014361519708,23.454242222634882,2,2
3723,41840.879989574954,526476,0.04088573185242452,21929,1.980660733935932,90.53807940629748,19.701868641501033,6,3
3724,36195.50796510455,452130,0.04516672796715669,17905,1.7065623691796423,439.95378448639326,87.8845912135531,3,0
3725,34820.051576012265,493152,0.03881140244034264,20294,1.7393493734491874,112.22052362309296,31.49296891193097,8,3
3726,24820.48091105892,246236,0.027284882315781286,7471,3.8116541476548176,139.37809427056675,40.5976123338937,6,1
3727,39172.4002801433,602151,0.041266641804008845,24143,1.705885337064263,128.8938931248863,23.789549083535732,7,3
3728,41546.94612264832,524610,0.04206308560479581,19379,1.9281252047992703,399.3965573911579,78.14446759333936,3,0
3729,29908.046448117595,291336,0.029238554797561045,9636,3.8325362959640237,129.00468797153098,31.822762230657055,6,1
3730,42947.13767759816,746876,0.039389497771031345,30472,1.5449287856967597,43.966762483851525,27.33981186040179,8,3
3731,40942.49726227222,558832,0.042596174972139696,24300,1.5834697635564565,73.23292692547673,25.091813119540458,7,3
3732,6009.32017710766,28913,0.023040137066456495,622,10.031582928908499,409.44710292321713,31.121752374624407,2,2
3733,41248.94936019666,556113,0.0406351579127468,24058,1.6210450198126287,132.8300428740335,24.161418085851373,7,3
3734,29683.44218213162,236182,0.025974996454165455,7026,4.6929609580433445,127.03317829655758,38.091496634364056,6,1
3735,39261.652621216715,436676,0.04522332740182773,16579,1.9429908288532134,366.5839374092964,74.33445994841826,3,0
3736,40284.97719424498,461291,0.03967449413155554,16451,2.2593397384750795,455.90696658312055,66.53443131374415,2,0
3737,29751.753420614798,266648,0.02915873821616985,8909,4.028130401500756,148.4717790223055,38.30502118209014,5,1
3738,7635.511558818764,17862,0.016472095583968123,262,32.39688646638773,420.58294235959704,46.09386566234619,3,2
3739,10017.056317886161,67904,0.02039878512703403,1314,8.336089985056406,515.3947731796355,22.878329843539053,3,2
3740,42208.69474466585,438822,0.041075704458111435,15822,2.2923891717345866,380.36075468490367,82.18288561889335,2,0
3741,38949.74179844641,625129,0.04201661254389504,27116,1.6081010271927867,93.04185778687336,14.892233568380874,6,3
3742,10278.928036777434,34601,0.01715469781039993,561,20.661964469311037,429.67225086666025,33.41805236148364,2,2
3743,39564.62183105759,684481,0.042687105242942426,29897,1.271437169363877,109.55080843736728,31.076070257420103,6,3
3744,41329.334527763145,355983,0.04493317053938944,14124,2.345424167095723,375.9699040933203,72.31819634110698,3,0
3745,39154.007781972155,391920,0.0388601496037809,13036,2.471422026934638,362.8133329826231,80.82413497766971,3,0
3746,11145.796078902653,44536,0.02157462728987494,869,13.516191239111663,416.2813853005561,20.288112556919252,3,2
3747,25801.762916924734,253749,0.02431006553303314,6782,4.369827873221203,194.31528320630846,28.826308907387038,7,1
3748,36944.907166930454,552453,0.03906785124495891,22462,1.6494702350476025,112.86751623429573,31.372039230227955,7,3
3749,11636.335934070907,31839,0.01909168341971601,558,22.176121433853258,443.19753489235785,29.829275190951734,3,2
3750,8592.237846801565,20155,0.01717579022043444,337,28.069287203584363,432.4776062704401,26.15297691284893,4,2
3751,38894.49403204208,567103,0.04372541552397094,25425,1.5116229417010085,111.04432821765496,17.10936384360855,7,3
3752,36410.12620581474,541839,0.03848878833602624,21739,1.5741604185776101,136.92988844627453,34.354057380089955,6,3
3753,29930.10579285478,200382,0.02938560839930872,6655,5.239513840924918,186.2487304445952,56.01444447233288,7,1
3754,39610.24643620481,520996,0.043005864546114145,23789,1.7757507863458648,124.607872445003,19.009385930308508,7,3
3755,25093.60076906868,208357,0.025006886721675777,5811,5.02796347303746,171.70512112205284,39.10671793982253,7,1
3756,30654.196113184964,273227,0.024473550677247005,7511,4.765287079568508,185.91478942732311,41.45276266029686,6,1
3757,28574.015325786986,201147,0.023154428282905766,5449,6.233442239966374,244.8270411904303,45.772080646347405,5,1
3758,37860.892146328035,578790,0.04259070769549852,25564,1.4143476213294879,105.14633694665307,20.87202822017774,7,3
3759,26211.390587198628,302420,0.027766936491812604,9393,3.063915235060573,102.44029591750822,55.30900685491042,5,1
3760,42518.30115721291,782070,0.04158180524593224,35002,1.2887941380220185,80.93563071069977,35.64468836954649,7,3
3761,14497.236312561074,85549,0.023894358692240096,1954,7.760646025068269,483.27470798591287,25.334029110327933,2,2
3762,7174.624114465852,29390,0.019114784118847428,504,15.237133634416644,519.2040873637014,43.29322441104013,1,2
3763,4413.710692378329,22305,0.01748524387668594,369,11.63293864245288,444.81844224569596,37.83760583011185,3,2
3764,38706.12418576658,378753,0.04582932642842261,15233,2.318800398315767,382.7837960872785,91.92001104483943,4,0
3765,25203.808871430847,312992,0.026539462174661757,8975,3.173370161476172,128.08530655218922,37.53712151353093,6,1
3766,32388.893696412557,317176,0.04570843650067237,12503,2.0155348785186336,412.7979463678768,64.0148830888438,3,0
3767,43128.69129952299,581455,0.042003112885912776,24720,1.6753864247929724,112.46755399304962,26.972233528729596,6,3
3768,37530.810410649996,468304,0.0428514407482719,18561,1.5674646693569658,382.2323650919817,79.93662353240909,2,0
3769,43941.62268155836,700926,0.04107651858390802,29075,1.462315823555958,116.4851108606472,21.742049717236426,7,3
3770,9131.992173614268,42332,0.016893881243442654,693,12.947541548485898,472.10475236614104,28.513512005337187,2,2
3771,26733.927956998737,97437,0.02207151483616184,2308,13.348503665124555,144.50541899960763,33.68442527171242,5,1
3772,29935.208576459798,222062,0.02891992964658987,7085,5.127875104458846,117.90005685630084,35.73120914489927,5,1
3773,39804.20685023398,539187,0.039318304517996894,21524,1.7957892818629375,99.24640768126977,13.991487433689992,6,3
3774,9588.696160742422,55244,0.01701876547515607,889,11.530803672382843,416.0912590393679,24.40363574750458,2,2
3775,39834.21101133971,433535,0.04422642452983155,16566,2.1886632617193564,424.57969986919557,72.73609287871349,3,0
3776,39873.73178802563,584838,0.038505074263744075,23762,1.7112283932105026,78.84770255069985,27.509162477075282,8,3
3777,9702.951725614774,54232,0.0186848295577773,957,11.732734157768837,524.7408169641341,41.517881574446605,3,2
3778,30918.028160157784,272878,0.02529145784014808,7599,4.7240047637082325,166.89257659279895,46.74151406280133,7,1
3779,38759.66597300537,557208,0.039501061140649586,23941,1.5779073363903295,70.71340373493932,34.979492283858555,6,3
3780,13758.75531201061,57461,0.02569611322939385,1394,10.280041450088104,476.0389317497546,31.536466176494,1,2
3781,32413.234834762396,247095,0.027438691259213,7768,4.826004057242239,199.01986311208984,39.43146572769696,6,1
3782,11178.326636970563,30868,0.019162269287457203,546,21.06556363454276,452.2947217429326,16.774794782150998,2,2
3783,8452.299090528006,40861,0.02289001956457719,840,12.001282635966396,471.94653732322496,15.796471093923001,2,2
3784,22515.80469867829,180104,0.02801789220264346,5605,4.484133184123812,191.72095724748735,38.61977357028643,6,1
3785,4096.647073253296,17989,0.02024791689797103,350,12.347600571327058,446.62135412118823,20.369038643283407,2,2
3786,41331.456311963455,409769,0.04411122957273913,16483,2.156992742190711,366.459718939055,65.81179296683082,1,0
3787,35415.73496320194,612034,0.0413468755634032,26081,1.4316153536166043,208.34182597822735,33.11946356163038,7,3
3788,40251.27759147327,574903,0.04437346349577587,27638,1.3496069478920762,129.54415508265663,19.78125332410529,7,3
3789,41518.08049721276,412250,0.04113165095556044,14426,2.48421859289972,481.23152560863775,78.25460835106624,3,0
3790,29246.734655167606,289848,0.028170284105244088,9140,3.771413889495685,197.7487665016395,36.06061367300042,7,1
3791,41034.16026985879,436131,0.044105577169083685,17003,1.9935197713535675,459.14814373879307,87.97405185863265,2,0
3792,37702.353958819884,385518,0.040804134885742714,13762,2.3097584993628884,378.9866169867982,73.3229991274293,2,0
3793,38070.749392559905,544538,0.03704537285080383,21051,1.6877564540251833,22.841192932641036,31.582168313383647,7,3
3794,35315.62504016252,277260,0.027098970439098084,8313,4.878007333003383,158.9768036587315,28.995095571350333,6,1
3795,33814.91010707473,368025,0.04119249764782539,13738,2.22742539659948,378.9410220292385,73.23728558656335,1,0
3796,37783.81135866236,335828,0.04125774968552899,12271,2.507894590456473,384.86382253522527,85.2596095712103,3,0
3797,36196.12171174295,439992,0.040505385177177014,16323,1.803143725559937,379.87533611244,73.32983703942632,3,0
3798,42573.45829277526,689183,0.038699933579812044,27584,1.5754147034709989,101.47440911945749,22.33255567126245,8,3
3799,40443.80688595095,519126,0.040813175599288376,19377,1.7539792992559244,422.67751977768694,85.02592772239387,3,0
3800,32121.094688908946,302951,0.027634860529623037,9264,4.166048358635562,184.72507384500153,42.305210866697294,7,1
3801,39499.10991669211,286250,0.04600972474509504,11809,2.818557601939827,403.7758685769531,81.63812127067713,3,0
3802,36722.00143451448,564609,0.04092206486425318,23938,1.598050406334933,88.74084202322331,19.318413934003917,7,3
3803,28358.075589118653,217284,0.029312085986709674,7185,4.4722276377581665,199.29825557855625,44.710103737652055,5,1
3804,38814.24334016834,697079,0.038219353026695393,27047,1.3956372557988566,115.03391076753708,17.744362017027026,6,3
3805,12755.771355285096,44049,0.017938684207595458,751,18.380487450677354,473.7302897933612,35.98234309038975,2,2
3806,30177.2336011675,222491,0.025545893982521564,6315,5.247688464918323,102.17346668475538,47.373014183564166,6,1
3807,41329.2888784995,439005,0.03927773092264592,16306,1.9192610684232747,397.28228079231195,76.6644602388538,3,0
3808,38472.35316706644,428256,0.043811195345119756,17323,1.7754467891918921,358.395834122018,65.90846385134759,3,0
3809,8130.677307275861,38845,0.01800171111522854,684,11.940479686275353,474.9987375205193,36.56762473998483,2,2
3810,8156.833460472233,50075,0.01911287510632794,844,10.438801986305892,409.98404237586436,35.30890951421547,3,2
3811,8859.817055207659,52753,0.017222495150913487,839,12.035586530606627,487.6259896895823,28.146241259558458,2,2
3812,23763.474861777562,221955,0.02719565155758545,6803,4.167318441773883,151.88770893502496,34.64094249410861,6,1
3813,27390.725678771232,160203,0.028892358711922646,5183,6.510337448368564,227.19572966852533,61.35365838059157,6,1
3814,35574.70730632466,565044,0.04198911644942425,24358,1.4801943501297414,180.67036700421963,32.56195796506488,7,3
3815,8373.203737796839,33175,0.019838043397830196,653,14.135952164664175,467.8385763482973,27.621570867047257,2,2
3816,27667.035966438078,199591,0.021493845130641363,4613,6.739439985315871,158.1429066156818,23.541949052107487,7,1
3817,37298.07375895387,346267,0.04576396013439215,14715,2.125029730554013,371.95136937728233,88.80569672383199,3,0
3818,27255.367871264298,196537,0.027351682668095706,5991,4.924442717042509,210.2015604484288,35.65698507899814,6,1
3819,38042.29756698972,445148,0.041315207782189084,16151,2.0871969117200564,360.8160665674614,67.02375020655231,3,0
3820,42242.4645048654,615724,0.039105047635004206,26131,1.7956106067760456,122.07191940296187,12.130800242371869,7,3
3821,34481.63950080466,602513,0.04012828318068526,24201,1.4553165805428938,67.95024459911889,37.606402239006286,7,3
3822,28028.988577257678,130385,0.024360081573590993,3616,8.920816811955032,145.83903994718597,47.93938236967713,6,1
3823,7972.346033801209,53548,0.020784050859552376,1072,8.1573170088375,523.6327003111911,27.70611517233427,3,2
3824,40101.65074462014,604980,0.04039776540995275,25262,1.679552919268186,189.78902322295912,17.607476115748977,6,3
3825,37666.243215922375,483381,0.04242663315788057,18210,1.5697330555923743,411.3191717485648,80.89777973866836,3,0
3826,31401.32522928822,271114,0.028520851505583214,8958,3.8759858414051696,143.24813263163048,45.306862784012594,6,1
3827,36605.13235369374,379299,0.04260056331542856,14441,2.159805726767351,389.5984871558452,69.13225227003493,3,0
3828,41546.151850188275,655355,0.03653426392721445,24870,1.6759098813151276,87.81155313815815,32.578579924163186,7,3
3829,37715.86335346921,553187,0.03717720644396119,20965,1.721982409950743,126.38664001850061,34.578459085917586,7,3
3830,39806.42983736387,577831,0.03778660667509648,22804,1.6131355186358565,102.22933746239272,30.738370456569815,7,3
3831,30787.498961155346,190320,0.02328160929212622,4847,7.50269638677759,162.325919810004,29.522676535190918,7,1
3832,41716.90614507628,614902,0.04458573610697694,29416,1.3745699994122513,79.08827525639929,22.923241435047853,7,3
3833,40711.76428037316,606202,0.03708629185254851,22908,1.9093981528965074,112.29488494506776,33.34541617199575,6,3
3834,26739.125109295084,317470,0.024298924816742076,8505,3.506810325927123,245.1595099609104,39.42013829478489,5,1
3835,10989.001360358072,53173,0.019492250623783597,962,11.757235108751342,500.6098496763786,29.99999405951358,1,2
3836,29169.84981175523,224081,0.02956787750713368,7638,4.5130876786365315,191.88061214137534,46.15257094905946,5,1
3837,33687.962304676745,505641,0.0387145839955447,20450,1.7525500751441656,138.17023828474512,25.275572683833015,7,3
3838,36888.34639678159,513355,0.04280406236539954,23245,1.621005958797758,137.85642236708742,28.896602912002855,7,3
3839,30149.559225325385,246591,0.025175158608163058,7029,4.760214190327808,203.32152227019816,48.439828387690056,5,1
3840,9886.822469979506,51877,0.017851141544488292,850,12.60565639097498,427.0477435373598,27.037935350184757,3,2
3841,43989.4154533969,611355,0.0411462659324021,26481,1.5665080921712882,21.473009002701055,39.23167145301249,5,3
3842,37976.369337251104,398280,0.04051516104991173,14306,2.3624939534193947,455.3605319993097,80.47031613513936,3,0
3843,39806.717431277175,699239,0.04162362219639607,30102,1.3862426265106027,68.53324022500318,47.72520382277471,6,3
3844,37601.22753202686,512155,0.0379982516851656,20078,1.998867955249699,140.75588105414323,28.24226597977491,7,3
3845,37946.09187047905,377680,0.04723328773733137,16102,2.1075704652656806,464.31888573803457,81.68958099735988,2,0
3846,25444.04241179986,252237,0.03002176058160462,8470,3.3129945768979683,146.35493657515693,35.85597650933407,4,1
3847,26023.39284552772,216734,0.030297623321291378,7393,3.9085400185991976,141.8404467141151,40.82446184057098,6,1
3848,29104.046487809122,157571,0.02241305834088076,4106,7.583527923080534,143.76860018530158,29.950013454659075,6,1
3849,7726.95560524944,49518,0.020828927712705232,1001,7.46211201597329,530.2702649066248,29.46455093233911,2,2
3850,30810.139056234573,292365,0.026338472190913426,8628,4.04176975239417,145.3904322898172,35.600955593847885,6,1
3851,42001.51907195192,636332,0.03859443784121865,25786,1.656355452200886,113.79045374309274,18.106270971533018,7,3
3852,30593.18372495075,289156,0.030525602271684868,9967,3.267707220879353,152.6832645252323,40.030094665740755,5,1
3853,25655.518592646273,206355,0.02976242810677069,6840,4.393352629917916,110.69357275756887,47.839950517677266,5,1
3854,20753.272233563515,156135,0.02550166816863381,4362,5.7395802150557715,108.3732937577494,30.81359596862911,6,1
3855,38121.38727502875,431338,0.041192410834296006,15871,2.076633662980839,310.7528303740373,78.18386700872114,3,0
3856,7263.976347316087,45258,0.01917417384174601,833,10.182448643080315,500.0973737437448,32.076602841108105,1,2
3857,11334.126301218108,47458,0.020169312404343647,908,13.510435924450046,437.6872568462548,29.046307294643103,2,2
3858,38910.53759589089,496349,0.04247074693596796,19640,1.7091078538925468,421.50608022202704,73.94779203874197,3,0
3859,38854.73983701976,512773,0.041819018340953966,22700,1.799323215733178,98.28172712341363,26.820922022138628,6,3
3860,38281.41836417521,468596,0.03998651816485516,16451,2.0435961452983302,333.0187809726567,86.50530604084396,3,0
3861,39735.58145890334,404432,0.044550671136994936,16729,2.0517037832079086,397.41655857141143,63.885057641717616,1,0
3862,39146.43010176757,608975,0.041838878683662074,25534,1.5042375634288554,118.394477073403,29.597693361770904,7,3
3863,9106.419191855068,50812,0.021357578427052902,1031,9.773302793427266,467.34225751354035,30.538722270870693,2,2
3864,11279.443737840167,49007,0.01885639057287842,872,14.211474054570276,418.46842218081747,34.72834971624106,3,2
3865,42050.20635101456,582280,0.04064471709059535,25111,1.7723871015140789,83.76000953116937,37.90855827678389,6,3
3866,35268.83436035592,302882,0.04525264322812198,12139,2.685768254178715,422.9160124683462,85.31061475980472,2,0
3867,30537.130990774527,234699,0.032628676843484944,8840,4.01849566091903,142.1575764258041,39.01803826846108,6,1
3868,42036.76609741156,605859,0.039458093940656525,24835,1.7400419069984865,169.17181930881003,33.86074812990987,7,3
3869,28646.33923260915,249989,0.028427955813933696,8193,4.312251126769291,116.80589366018236,53.08713707745808,5,1
3870,41914.56199204807,655395,0.037501785954257565,24585,1.7173096395342844,162.95220950580193,34.4224064996532,6,3
3871,39029.410307361475,433537,0.04134912983913202,15864,1.9485196082871648,374.7329425453931,78.88565360036468,3,0
3872,34437.405368722524,505082,0.034674462949350046,18135,1.7704555105575646,180.42124067492327,18.557229161491907,6,3
3873,43124.24126591194,620695,0.03770315394560207,24755,1.6827621445922427,220.2489828003988,25.332083039802562,7,3
3874,10017.980862324,56839,0.02120243375393675,1095,10.215798031492128,415.76088113891507,35.24986708459142,2,2
3875,14029.577021006971,81062,0.0223551533727916,1677,8.848322101296407,453.4497594526629,37.16398707023221,2,2
3876,38569.43968911221,597761,0.04168086090910091,26221,1.437299455969321,122.55717706683136,20.149462740451582,6,3
3877,22635.561691949682,210991,0.02561007089706359,5971,4.21220477580987,206.15005830445895,39.589764074369185,5,1
3878,43376.367077154995,699626,0.0386223174321459,27869,1.5810680274468096,102.06095772013776,36.80619731813132,7,3
3879,24498.563795602466,220802,0.028650577413250597,7163,3.745141548878563,163.3317987260407,22.278363997351743,6,1
3880,36143.70448971442,313050,0.04359727170996379,12417,2.3855040159915974,378.2449781441545,74.30798497358401,3,0
3881,30451.525430919748,268334,0.025809649779498976,7623,4.848722593110112,97.20185679823639,44.399506962970605,6,1
3882,38241.2142847059,452697,0.043977697673568704,18650,1.7376047699750243,330.3984512058323,72.74766221470041,3,0
3883,37173.99944657146,349331,0.04549531086373691,14374,2.426279338899863,405.87806869515725,78.68861317535615,2,0
3884,8083.133081905488,51292,0.019509322695922683,932,9.826886639910946,391.46791635207995,27.140377171551112,3,2
3885,29247.754172464334,300393,0.02493967897131654,8380,4.04640192555573,177.7586073845733,32.784829520684596,6,1
3886,8318.841423720602,35953,0.023074450037533785,786,11.480826238771106,422.8698118645836,17.586670337800488,2,2
3887,40377.35618831189,417662,0.042587984732824394,15076,2.1510552349286396,297.44020867965514,90.35628130180325,3,0
3888,38876.596146484575,429405,0.04112882834080674,15956,1.9772317339646417,372.56697571267097,83.3601973096226,2,0
3889,38344.7042492607,548406,0.04272852983252576,24121,1.6939810475192356,101.93784151044458,38.712960894478655,7,3
3890,7822.513847563455,36177,0.021395663054625837,728,11.615242576097273,398.6633178820059,36.69642675001582,3,2
3891,26541.261178306504,238761,0.027166403938681784,6882,4.692545896207267,118.41806825021553,48.84849420590641,6,1
3892,30539.66112822781,350911,0.02737823472142655,11164,3.213465997954204,138.72482728136202,44.18858180160572,6,1
3893,34687.24858311499,255968,0.032993523834664605,9115,4.580925122513483,224.28018231566676,38.90336551492423,7,1
3894,38218.97598511429,450326,0.04351301234096593,18127,1.7414308926142081,353.1066701252459,69.82455537467959,4,0
3895,33910.58711814661,530566,0.0398149583787058,21808,1.419372206834006,143.02365200577373,25.25397470021216,8,3
3896,31527.75707369781,278999,0.030024705035855553,9260,3.967480980233058,167.2916294761832,41.38638445699966,6,1
3897,25835.447795498756,188627,0.03182474362201371,6812,4.336894343134313,174.37137365036764,46.358728116455836,6,1
3898,25200.91818354973,176926,0.028639034822389303,5824,5.203504515775515,164.61105035125996,48.94550133940855,5,1
3899,35297.78317499036,400016,0.04333941873697263,15836,1.7442454426002,349.26474603134477,83.46563392448148,4,0
3900,9656.75078498023,35739,0.016680236495212265,582,17.11413004943815,477.68235391614667,36.67122412725593,1,2
3901,30024.72244379698,245705,0.028828821640046937,7737,4.337628477202356,158.02702368889527,31.80398944193019,5,1
3902,38014.422147058096,560937,0.04338772222894589,24959,1.4273088050770892,50.692084650338735,22.990767044848994,7,3
3903,12904.746837365767,38272,0.017701283253595178,645,23.100825892123716,478.6142188915069,28.519205781830813,2,2
3904,38284.56853340204,245556,0.041679201760346646,8982,3.2919306334372633,425.85511699658446,84.19375360234804,3,0
3905,38566.608869349875,614556,0.03788055201950837,24264,1.6685265944528513,188.51780737387497,21.30344301194919,7,3
3906,37090.395703877926,530458,0.0381134309739302,21422,1.7636228013040651,132.5472790214127,27.46330613020084,8,3
3907,38857.4681497128,560029,0.0425922519017364,24915,1.62395042104432,149.56394985195772,28.158453866793455,8,3
3908,38366.94208263531,551387,0.04028248804622272,22488,1.6554105816208597,115.6981108640655,35.590607465817925,7,3
3909,37268.041104825585,559895,0.03711957395969764,22152,1.7326369121981238,164.0797464026299,25.325062024494777,8,3
3910,35575.29131031889,516342,0.039687709274485665,20669,1.6198763537982572,83.4684149172952,18.35255877057524,7,3
3911,38323.91928326937,353979,0.03899729560245039,11672,2.584515507056142,410.3586230513505,73.43396818515751,4,0
3912,9577.537660772263,52627,0.017630104122967158,867,11.932857961933054,422.6133228952853,27.962245015786667,2,2
3913,38865.55154792023,646871,0.040188121967452195,27600,1.3411110892747604,137.19064136541493,24.713639795715313,6,3
3914,7643.957883987076,49887,0.018658739017320264,921,8.712701668133667,436.6289061866544,32.45439477599695,3,2
3915,37190.18421242446,525540,0.037322267906301915,19711,1.8948411702372807,111.88889011883549,29.033933184375627,7,3
3916,40723.091511180275,452062,0.040656940909185355,16350,1.9800327633690276,360.8748515332716,74.68544335386768,3,0
3917,12255.44202313396,56445,0.014733529775985334,755,17.524908557791374,461.1410406708429,11.227757839148452,1,2
3918,38886.25570289945,448796,0.044934132775417884,17841,1.9167110579697981,324.46814471461926,81.22128095674385,2,0
3919,39296.979574684825,420012,0.039818837396920034,14956,2.115487213674429,318.34229677118134,92.14987092716905,2,0
3920,28885.533794973508,316423,0.031460262983603944,10807,3.139183896492696,163.11844395142154,25.48840207227966,6,1
3921,39295.23101482327,420515,0.039011509555422035,14155,2.4718263717230475,348.7656576029455,69.8061499344318,4,0
3922,26440.058557107164,222132,0.024156752993791004,6025,5.0469490001865305,175.27590927573,27.91415041189052,6,1
3923,39099.43822549734,556290,0.0426563366500924,20367,1.6698575467321983,365.3085528474497,76.13584514548121,2,0
3924,11069.518935727803,76220,0.014439056867284809,1064,10.35190833666573,379.0304038246835,31.95903791447332,2,2
3925,39139.041945219695,594485,0.03952450335024787,25469,1.5584844457763767,77.4465191915016,20.06174098709196,7,3
3926,23950.20372145803,190136,0.030055385113085975,6411,4.398612122202345,231.3125747537036,36.3678434594488,5,1
3927,32464.208507200266,322687,0.0270855491831222,9683,3.777411249519673,170.81386456189333,46.61634585891131,4,1
3928,38944.93363140576,672073,0.041096202259488006,27266,1.406482869698494,83.3526718425481,23.18273660676121,7,3
3929,9343.13720988361,56151,0.01964643129043521,1036,9.750364235194967,465.14672823887025,33.74036102044855,1,2
3930,26174.991100174837,224365,0.024394842723868396,6019,5.176927750166311,172.63182774565743,39.450631886091294,4,1
3931,34695.217864263555,398303,0.044219806878461464,16827,1.700857686407483,440.26690699799417,79.99284362732703,3,0
3932,32790.159650310874,298410,0.029217240426913225,9547,4.3854816644877515,148.49421741793427,48.2063424112659,5,1
3933,31250.731259455344,281497,0.026171246212109298,8040,4.523539597281393,206.1000857064373,39.654071740674205,6,1
3934,36635.64466382588,571922,0.041000694771974606,23023,1.5649575006645746,132.695175098046,27.573157690172216,6,3
3935,40831.75488245334,396080,0.04175228140347902,14685,2.2282183750366684,405.84381372033505,90.98338933872316,2,0
3936,26232.277246145233,189855,0.022426985857464384,4651,6.482989628147379,171.04178930099425,33.133486523915714,5,1
3937,41585.638528417294,496407,0.04433416086123267,19173,1.7224025443339828,355.4771925131085,79.55195786484133,2,0
3938,40622.07358568154,413002,0.044900855297247896,15750,2.3037516033694247,348.8542938268631,81.6329473584956,4,0
3939,35918.84495772738,426036,0.03880200075009529,14807,1.9687196842676178,431.61803390641455,74.5757125613914,2,0
3940,36746.18296975248,399267,0.04074895401660495,14514,1.9510250093098331,427.6415234455818,73.13868894858325,2,0
3941,38981.63677646236,601905,0.038117251025375866,24025,1.5954207655477886,124.62939922526601,27.561491583974362,8,3
3942,41772.386396957634,611320,0.0374309849189981,23301,1.6475492841552115,160.27257618426498,22.38232732843059,6,3
3943,40726.3336903229,536585,0.04322420874655054,20402,1.745751944651123,382.45305940226035,89.66510841458135,2,0
3944,36715.10923794176,312121,0.04415226936690611,12375,2.385977329228754,389.9964865482802,83.14785011863638,2,0
3945,28519.7100713246,202108,0.028568236910676496,6384,5.310508027559223,139.60212597944894,42.891522325588454,6,1
3946,10449.428216907825,57522,0.019569630505306294,1049,11.257877026926787,365.80563061038555,29.586611437837263,3,2
3947,36939.63239094609,482774,0.040566884945007244,18160,1.8358183771052177,389.7623358447689,77.0813651416536,3,0
3948,38982.54870936277,418592,0.04400116417177461,17033,1.8206955889128942,301.4828723674058,85.83352872610934,2,0
3949,12676.594672784098,61743,0.021478320803155544,1304,10.090928676932364,483.6435198632168,39.89493197833265,2,2
3950,35652.54761512967,567563,0.03963589983549277,23641,1.5443741145944103,73.06834271434371,10.196111420564025,7,3
3951,7915.249360966902,22352,0.019010258397133252,391,21.466604711253847,416.586246224357,33.22686296896317,2,2
3952,33330.61489344083,460155,0.0390094924807029,17971,1.986444015123296,72.47415874034009,11.256799788357966,6,3
3953,28679.028585516822,233760,0.03270295348877376,8249,3.8331889855861623,188.6656889157635,24.338859640860704,6,1
3954,28012.444228959717,164932,0.026146638024302706,4856,6.585094666576026,177.61969684443903,42.17185837714512,5,1
3955,39952.33750353391,429756,0.03992468495952089,15552,2.081267800440195,404.48751807626775,70.61680009567463,2,0
3956,26326.184900699685,146101,0.029877787756422074,5039,6.283118985268745,167.18469023473102,36.826011847567294,7,1
3957,34587.69903938557,478685,0.04206805541932553,20440,1.6584098467839066,97.23687405529436,32.41852025232082,7,3
3958,36740.496301680345,447832,0.03944319940013725,16668,1.8998663079018439,423.5535975860223,71.38061587579458,3,0
3959,11365.61786216879,47555,0.02026601550378556,882,13.871626642494602,431.15832873598526,28.30207534481355,2,2
3960,5617.15642853197,28347,0.019963720881663052,536,11.491650002352173,484.14779117527723,31.8637907746202,2,2
3961,38539.18088978438,431497,0.040627132953356314,15682,1.9477936123817399,343.16898756003906,79.70667080752492,3,0
3962,41970.96228175655,597503,0.03613166250911285,22805,2.0446521336435515,161.70997607979456,25.811542025935903,7,3
3963,42113.502698542114,468413,0.0411153886496626,17407,1.9715863856956322,418.933914990839,93.55914019848204,2,0
3964,27839.552008157287,219409,0.027236819495515638,6782,4.469049658196335,262.94734006444395,40.08258608072288,5,1
3965,32176.516330543123,225912,0.023422583771389612,5994,5.967041517908093,116.57046299326025,58.84887647563046,6,1
3966,35349.07974585057,503512,0.041069201817731986,20669,1.5701793264497446,96.4108910126464,34.88520968467863,6,3
3967,41632.53186152074,608669,0.04355024529946832,28293,1.4988485288664137,90.22507080477583,24.040445798496503,7,3
3968,29247.178519539055,267725,0.02856956675291896,8434,4.015971658651495,219.06987260315765,48.45923060510128,6,1
3969,31367.332166611508,340924,0.030830669459649275,11418,3.3151706401522127,156.23024254793208,43.42976778916423,6,1
3970,28096.216244598003,167799,0.02483877413383515,4631,6.882363497604726,117.78872853815815,46.89731313173563,6,1
3971,34713.92137265068,353719,0.038187767146614635,11892,2.7935756386128725,346.78294150082536,73.61721581493458,4,0
3972,26986.385255365654,302703,0.029703366467599968,9559,3.109285506029875,186.63772675101066,37.302734293792206,6,1
3973,40949.805249065714,386496,0.04415575079346873,14906,2.3337718029160355,382.7033287185123,69.86878412751551,3,0
3974,12042.10002108908,66165,0.02468179288769102,1522,9.173032157451265,425.6055410180264,34.3093164684435,3,2
3975,7822.471195669195,52747,0.01687351974611147,834,10.415472111661979,476.07438576590073,34.848290097844334,2,2
3976,30078.60386377488,271475,0.02759407877030718,8261,4.051607016390354,180.93206377052223,36.79304987716327,5,1
3977,38354.58230558544,439445,0.04185244781170234,16584,2.144660274616471,431.05253168349077,80.96746252781008,3,0
3978,37291.08982872972,485306,0.035936726328656625,17963,2.0667432269633297,142.75526910200915,25.979965375742903,7,3
3979,25591.93645654608,197796,0.02260204741515938,4849,5.890349738010634,100.87990673215104,32.61400275097721,7,1
3980,10976.173470150703,69686,0.019395237662131817,1233,9.282505060148466,462.6063803463468,24.815242352237924,2,2
3981,25118.415686563636,237808,0.026939978111128894,7199,4.258703204556227,185.58400664255876,36.240066578494954,5,1
3982,37204.39354456716,580647,0.03984833976719648,23583,1.5928445821112505,108.2559021453832,31.410018602205913,8,3
3983,35818.245580129755,365087,0.028372102312362424,11178,3.6462859607341067,129.39766786997782,36.929611222434964,5,1
3984,38319.18350353231,626838,0.0406770629457146,26184,1.363380921100762,155.13842621198913,34.407227666156324,7,3
3985,31466.996373752663,276779,0.028330420758791774,8622,4.181383432064361,160.07894611989016,33.21544197681692,5,1
3986,38379.628905854464,412152,0.04561087676223222,16525,2.089982662532726,406.18556164534414,84.83430876942117,2,0
3987,11125.939178352637,80911,0.023547940122382288,1826,6.390885973270982,447.25043009382017,25.697645126088336,3,2
3988,41493.73410100716,432351,0.03931064979696356,15776,2.130555598916721,405.40243966889693,86.9906486551814,3,0
3989,35498.66547289153,395528,0.03955620327238974,13948,2.2555261600312244,365.02789374906433,79.87626645704904,4,0
3990,39861.67231205068,646053,0.042220454443252585,28218,1.4763646385352636,194.76016288009424,33.442247431096284,7,3
3991,40822.472282762414,482421,0.0462195317509736,20052,1.8035672337323907,342.4440974285357,77.80669035332424,3,0
3992,37421.47095732188,417215,0.04376728574137923,18108,2.0046806552101635,182.91150376658564,31.222659828654205,6,3
3993,38423.15090687334,386299,0.04588631111576892,16283,1.986690084069986,390.5544145903329,83.57630943345453,2,0
3994,27244.791246728637,135183,0.029179344337816902,4311,7.2967521051944875,159.86167132034365,34.20804362298127,7,1
3995,36566.75844310385,429445,0.03850176759912865,15207,1.8152065460511306,449.1579339791003,79.46814291674875,2,0
3996,36647.66695839534,375078,0.043746103236500904,14706,2.0322524025368334,306.0556915331563,80.65703999858182,4,0
3997,8906.67255924712,19041,0.020777642452990058,371,25.97916397028473,475.17995578905465,38.177509320802436,3,2
3998,26913.84764523928,202728,0.022471060084141153,5192,5.8061321187166195,135.06045569237506,44.648858723014484,5,1
3999,37176.110744309175,427248,0.041134641236981614,15825,1.9134900927464615,360.7864846353929,79.09819041052108,3,0
4000,36887.34118473241,343006,0.041914075359042645,12923,2.5563342437461283,348.5323679883602,84.9967619689006,4,0
4001,29747.06348406173,213099,0.027293672518542207,6403,5.362387947580986,142.3640676596409,39.55481937834824,6,1
4002,29181.032013023552,229689,0.025683904623837205,6799,4.964928452291354,101.84219844778306,37.15941234146546,6,1
4003,29983.676861975517,292331,0.027202778852896785,8522,4.162750007134653,126.88643249796803,36.74721092765568,5,1
4004,37973.02350955676,393942,0.040265316752124795,14025,2.044420892191019,383.75532366443184,75.23812505357628,3,0
4005,9600.348711647624,47185,0.019743013270947983,881,10.548530550588362,447.2941992262104,31.002034491081677,3,2
4006,36771.90801747058,464507,0.041361943345161176,16494,1.691942142810638,380.53362506469114,81.67955665632059,3,0
4007,39242.47701551296,544845,0.040926020964892874,19877,1.6762421389621533,378.3432386178153,80.99838949908,4,0
4008,35022.681762648506,527647,0.039504359924205305,21361,1.642610216880035,168.22681355670974,18.84345312793808,8,3
4009,9116.57202474909,59507,0.02157183685302254,1197,8.522184023752798,439.4170088017191,31.579208919006874,2,2
4010,40860.58632416553,544756,0.041397261849987634,22863,1.7756915680287517,80.19320460103587,29.476951088245507,7,3
4011,36860.822204211116,619166,0.03643071077384411,22753,1.6327340043166012,111.50862125456517,17.798595814197526,7,3
4012,33736.57933256009,295057,0.030614898128936405,9759,4.024619594788504,117.6292160444062,30.150557760736017,6,1
4013,38512.11903749049,545072,0.04044281684448875,23096,1.6892993384830715,87.0328559737039,23.064121746970056,8,3
4014,8468.043756202344,45997,0.02039844156785054,909,9.231285787233295,465.4754296549977,34.97319523432521,3,2
4015,20697.999573830424,235200,0.023342505422823994,6369,3.567281044315628,190.4047348436132,49.749676714395676,6,1
4016,27166.390223961218,236705,0.02844722165226138,7568,4.19539565326533,188.58855774612667,44.006382680272715,5,1
4017,41188.38649797365,687203,0.039273956372147756,27666,1.4160981376160469,91.42731276175552,37.373977035864684,7,3
4018,39192.42826856925,390246,0.04108228620533276,13805,2.39256635683978,352.74273303269706,75.61864617166559,3,0
4019,29999.95046495531,201935,0.026622573466400082,6058,5.909563639570808,139.3585358228536,44.00409935631758,6,1
4020,38113.65108687298,607345,0.04720972662504238,29846,1.3557173522803492,112.98980055893944,19.964095318826946,7,3
4021,42963.61520429958,569823,0.04369610450922463,22093,1.6594332388756312,350.4040613765759,61.279922078729655,3,0
4022,7628.290349638575,53584,0.01972608910207145,975,7.47044241605637,428.8470475982319,24.31975053670951,3,2
4023,36990.49873961355,408635,0.043008152414429686,16051,2.0008407546763194,340.7446230546961,61.867513026314704,4,0
4024,29908.873713375047,309768,0.028607607559696463,10064,3.257955386966636,162.25071614029864,48.09190021067488,6,1
4025,11815.252701798252,65394,0.019940604018713715,1217,9.303805159997777,425.5736329562522,33.617105083272655,2,2
4026,35898.1016659374,360567,0.04290890401358992,13938,2.0870513864762,439.68221254963487,75.75438375348791,3,0
4027,5686.198623253738,24305,0.019113702016308517,445,12.96538258358263,497.1173634762359,39.207115874289094,3,2
4028,40611.4530451224,482855,0.038809876172084236,19243,2.185362844783538,92.07077465741253,25.414261287109337,7,3
4029,36957.78221619737,461381,0.0408476888646771,17060,1.8667898016438638,339.8779932683773,84.53600011808125,3,0
4030,11201.393404772876,35208,0.02023445168092261,660,17.03492336068731,488.8770737081232,26.493690476637532,2,2
4031,40657.554087773206,538574,0.037813632756556546,18491,1.7487590799649901,388.5689306554378,68.82821525366268,4,0
4032,36591.30036681447,506849,0.04509529003895337,23104,1.5598798371321136,131.40004172448772,29.99845450781895,8,3
4033,37692.02900749382,535050,0.042683595556720424,22878,1.7057845280341324,187.66634597954936,31.013072903144177,7,3
4034,35633.72705561263,414351,0.042535230754990314,16210,1.9112578257389552,415.76695556281754,75.00141189491676,3,0
4035,29094.265312485037,179000,0.027678934120704192,5469,5.9882667679044985,175.61393704142125,34.01991237536447,5,1
4036,6806.326954189185,27096,0.016361348450516764,415,15.981516835983975,462.5070802830718,20.986645213602394,2,2
4037,4295.856328981033,23299,0.018947510843236072,419,10.45467604166878,449.1852312775665,36.46569530917684,2,2
4038,11106.162351140329,43228,0.01864229897834359,702,18.168073550581237,412.09437431111417,27.000846993571713,2,2
4039,4621.556920392395,22167,0.017675699482187095,371,12.663858289311804,476.81728557805957,21.900825922420843,3,2
4040,43494.03357296136,650727,0.03952584053233891,26458,1.6686682501359837,118.44600314366991,30.2720429302553,7,3
4041,11217.60927724851,61959,0.021177596781124075,1293,8.8910214555139,432.4831498007896,42.47006650224987,2,2
4042,9668.123840632712,48898,0.02007371534308475,875,11.370345818167523,406.89210300707157,38.300619635621416,3,2
4043,38608.34072658341,343507,0.04428366838753721,13514,2.454001271749215,453.14168883407297,75.55595985925052,2,0
4044,32767.888505477888,383260,0.04166730671296448,14627,1.8323433374448668,418.8522714704678,77.25108118659291,4,0
4045,9966.879144365354,56905,0.01956330120932677,1116,9.79269341453683,475.51135909265855,35.35983483189858,1,2
4046,26691.535727026414,198568,0.024190062516577265,5554,5.559182340351315,142.6305809310608,49.57157987951463,6,1
4047,41479.765384574464,642339,0.04522536896735216,30602,1.4289463653979522,146.9123000645007,23.20428443908533,7,3
4048,31659.51119160382,177816,0.02848049961299183,5602,6.762809037245582,158.9425777518258,46.336196638511964,7,1
4049,10420.202480910275,51834,0.017824455547566592,875,12.64497213401743,440.01593224602584,36.51923869452061,2,2
4050,38093.141791702576,407737,0.044401212012694376,17114,1.928724341455202,468.0738810241819,74.39425479919404,1,0
4051,35265.05548393726,365502,0.03635473546594176,12131,2.2120660083025325,416.1900898665951,75.61238752736864,2,0
4052,30243.23415606748,240155,0.025626134533247177,6940,4.959680310110197,202.0962232467385,37.38926899750042,7,1
4053,32856.66218045725,482819,0.042244212507672005,20669,1.6358861175935313,146.93254867171962,31.964783115439747,8,3
4054,29353.629676516717,222957,0.03023272939381417,7562,4.170328533816536,186.93801527950254,42.14491675692542,5,1
4055,38372.95955369153,485125,0.04391875758015466,22029,1.736884398735506,134.06055283490912,31.238239345417167,6,3
4056,29206.97076003529,231729,0.02510428705698027,6649,5.2320708419449655,125.66657747269483,47.88429257963272,5,1
4057,39442.73349307841,438211,0.046961434819176875,17958,1.9143709714584507,378.23492225420426,77.08200303176551,3,0
4058,41399.10004838322,660995,0.03763375477264789,25451,1.7474290789677374,124.5889634807634,40.801564503961096,7,3
4059,38106.134150630765,559246,0.03921525529584832,21994,1.8594031100452801,109.05110652210453,18.42240601568842,6,3
4060,29841.729868813658,313218,0.027576946891890046,9561,3.5274887076457175,137.12542408013394,38.94228329718554,6,1
4061,10956.423542035445,39295,0.02375729766684407,824,13.186130762355033,492.572023984345,21.158881453315004,4,2
4062,44844.48545678052,666469,0.03724229016191696,25015,1.8830174187778,122.939777573236,28.271086021664605,7,3
4063,28641.886230329437,252757,0.03009562330542743,8317,4.116775297419385,205.6422883677598,36.64147761421,6,1
4064,38971.60111563331,619956,0.04280380553409611,27752,1.5357812468324448,93.29964129698355,38.44204601134335,7,3
4065,37198.29363777532,533757,0.04057943324596041,22016,1.7211093260800303,100.46704736515971,21.833367890255154,8,3
4066,39171.56724725762,381003,0.04292463472081402,14095,2.1094914378413234,336.02849942702403,89.21622836818517,2,0
4067,26586.364943269116,224602,0.024978987422187564,6225,4.719665924708734,157.82460187353772,26.268132904615783,6,1
4068,31010.66497580146,298022,0.022340540382599805,7614,4.720955672131275,134.55643983516114,45.73510914238989,6,1
4069,28566.357459435443,221878,0.027963510948498936,7078,4.568618552909907,192.81991012838685,46.88632252102221,7,1
4070,43042.31291916375,604316,0.04181515834907357,25698,1.6398976450515848,60.343383521694825,21.980042411852285,7,3
4071,27899.131673340074,237304,0.029022963082326367,7618,4.432926484517636,213.89946099520566,28.83468820511454,5,1
4072,38061.38647309832,508604,0.04318265376455788,18266,1.836324204325855,393.331698987725,77.03777725025517,4,0
4073,10409.04420826233,57505,0.01936395745748891,1057,10.144071356066148,495.0766822583417,11.528280713906513,2,2
4074,25079.083322619976,150189,0.02648375015276134,4674,6.488988870831717,149.117628557814,30.484039098924757,6,1
4075,34302.835256012164,268038,0.027181568752182472,8197,4.519082220051549,164.0674400569891,37.191361021185074,7,1
4076,38424.40933719653,513227,0.03658009720617643,19723,1.9480179562595636,121.39609269327106,35.06150029154519,7,3
4077,41177.60921494098,566315,0.039758979116450224,24612,1.7539423535557024,61.757762561579014,28.789932313870448,7,3
4078,40344.83477909636,466532,0.04385222677804117,17843,2.0142374922734017,401.64753636552905,73.97195131053861,3,0
4079,40025.62437297089,479269,0.04620015224364147,21177,1.7694606543844624,305.45210849048283,81.62247841997083,3,0
4080,36090.029756682176,578440,0.041930752384822856,25138,1.5912857458657386,159.92143529271848,31.991036679361585,7,3
4081,38998.20792372927,390437,0.04010036200793964,13173,2.5665608841734437,413.79867232441256,76.75373279846045,3,0
4082,34456.11515748602,327017,0.04530924381602059,13072,2.045496850020553,398.27445672008275,73.03880444901766,2,0
4083,6332.275891371526,23445,0.01882158398146524,431,15.741271881060815,476.6366673704836,43.81269579734423,1,2
4084,7066.769655301027,39338,0.01960353656041164,737,9.856971161497242,416.41451572423045,40.160377604495565,3,2
4085,37039.9364384189,503631,0.04293487347900393,21524,1.653515339381369,140.81833392007945,25.583806638774064,7,3
4086,30105.689886869393,190115,0.03039605327767339,6686,5.371701273420027,100.76401586536906,49.8647005095037,6,1
4087,24589.762077644897,195394,0.028725795975183044,6288,4.465964467476574,138.30954819785464,42.40528841603333,5,1
4088,36306.065525759026,478661,0.041990158729495256,20999,1.7429349699146923,123.1414625627346,21.93681604883047,7,3
4089,36020.09416442289,502254,0.040452701731584856,20969,1.8373080429764042,115.23364678909466,15.628023017474115,6,3
4090,40332.55639294413,551886,0.03940480901450312,22400,1.7578573991653341,112.98845615341762,10.587765215387654,7,3
4091,5637.706987487101,39243,0.016484748935367242,605,10.51135411823272,512.3498312504839,33.67917099348357,2,2
4092,27207.11814369321,267346,0.027675637316204392,8072,3.797858170293595,220.41028637116653,53.61556600897617,6,1
4093,41455.384978566755,369239,0.04023014690770233,12988,2.8713946590902486,401.18025765187014,70.44330029962795,2,0
4094,33321.90404268811,213150,0.022720358623862756,5416,7.016532177349031,189.73059303101863,30.032489811374703,6,1
4095,30159.608324708995,189530,0.026661953738922696,5576,6.24590529000847,173.6850517436185,43.9654968727458,6,1
4096,35284.83955716072,395313,0.04294455568548526,15435,2.065282378063569,420.9755652920569,71.74319423730137,3,0
4097,38934.44517652801,363434,0.04434280407450247,14474,2.255738137143812,347.59436513455967,80.49885728867248,3,0
4098,31101.194152889384,262099,0.024318816905617813,7081,4.956098682798879,84.27792828927498,37.169788410048064,5,1
4099,40646.27829718581,711799,0.04098962864933311,29550,1.399751033424834,105.6639567361845,28.097571031575796,7,3
4100,30102.667748841217,194468,0.025266847242212745,5501,6.018554813173201,193.09045995136486,31.073091539353115,6,1
4101,33669.957592232946,291842,0.04700901863707662,12406,2.218388852456091,357.5996650677523,90.24039760894584,3,0
4102,45419.30848122259,713290,0.04446047045034973,32852,1.4624240681497553,108.97319873886593,21.422512786776977,7,3
4103,7147.79541262378,53123,0.01832639999316004,871,8.667184484446464,458.54320863942866,42.97341190233996,1,2
4104,24638.14035384914,234753,0.028893678985243844,7331,3.947263664834376,139.0074086649402,51.32025428520074,6,1
4105,37613.27062264024,445477,0.03887031229882844,15750,2.2355388885929934,366.656701279994,78.85122591709116,3,0
4106,37571.72270198025,576925,0.03669531948610843,21916,1.616248492506673,204.72501902940425,24.5045956893581,6,3
4107,38900.848554800636,408710,0.04079104070810563,14520,2.424911583770221,388.0277647136911,86.99246857530389,4,0
4108,43329.93526983686,613280,0.04458459007457849,27828,1.472250530584355,150.94546584511886,30.027553994562005,7,3
4109,39766.77600328486,646257,0.035957481489422224,23673,1.7195068641374118,110.18256849719373,5.580721518094806,7,3
4110,41281.31386361327,600605,0.04050267645855159,24538,1.6725082970105571,147.41389953395247,26.70936304569032,7,3
4111,41473.97949195953,504089,0.03806418177634023,20641,2.189303366572547,140.29382377593956,26.29323003036445,7,3
4112,34979.00609879528,553600,0.03997942316546,22293,1.5450862696130152,101.06598036896285,29.09373817359028,7,3
4113,11595.068056574135,82382,0.017796757467429043,1390,9.797372797413635,547.1265092847242,39.98207397387795,2,2
4114,41331.48082356312,501774,0.04382152925505109,19768,1.8435663831920022,367.2529697734928,77.43671839118396,2,0
4115,12158.035953568879,17246,0.01969604771790289,311,41.36058389281523,479.6503773381296,26.575546684741102,2,2
4116,40052.253847409695,609001,0.04180351652374864,26847,1.5411524302745783,35.514761966801416,24.124361102462068,7,3
4117,46085.8643297942,546353,0.042459299646906604,19604,2.073515862972142,375.3215264783355,82.79036013899031,3,0
4118,42762.85218379419,394878,0.039915957874821786,14084,2.68598516365855,361.6402489546881,69.69544664009955,3,0
4119,8596.417233418137,68397,0.020078136097432503,1307,6.989216168348761,516.7423669328861,22.533357606275455,2,2
4120,27431.527116163426,251145,0.027278085955625225,7609,4.0356467402534815,168.46215568200495,36.27163439025779,6,1
4121,36467.7908008363,475779,0.04409565024054901,18500,1.5704258951636583,324.4135442626753,69.31978121399139,3,0
4122,10197.280170838063,51931,0.018952699073210216,907,12.029005942340893,407.5510505515003,32.66476548440171,2,2
4123,36999.8882908387,488356,0.03802340096621062,19068,1.94512598754514,128.35075205967706,33.63693627515353,7,3
4124,10910.420048176815,61115,0.02010964128967036,1165,9.949582287774538,452.0678187302905,18.56817608393429,1,2
4125,35948.47581594541,365977,0.042474262228809026,14389,2.0911417761155877,342.96405312418034,78.8636638395849,3,0
4126,30652.524490048887,247683,0.027531981504310646,7723,4.807317390856478,202.51334029335305,47.02074940618356,6,1
4127,23428.70968988175,170411,0.02382617831194092,4514,5.456270747628606,173.57000413460264,37.204770450737236,6,1
4128,36564.73918824895,584030,0.040857116244790326,23628,1.4955567335822255,129.71358151638975,23.18176258585145,7,3
4129,33894.674903363644,393991,0.04150873195870066,14451,2.118191353569675,394.0080215984093,65.30548160955678,4,0
4130,26646.320253922502,165859,0.027200577035407257,5221,5.400185915011442,154.38759915010712,43.842751521920476,6,1
4131,38050.974360281405,578914,0.04201689555581859,26146,1.5089762535880442,95.2967940793873,32.401156788718694,7,3
4132,27329.11217373061,211103,0.030604694836000215,7019,4.586210724065122,199.44290189073814,32.1208547940404,6,1
4133,37631.21327065797,577563,0.037458325322986534,22108,1.8021429932401276,59.67550587179614,14.719200959187456,6,3
4134,7728.245309049943,46032,0.023141585986178208,989,8.225362886423056,463.0073806529726,15.779311673612595,2,2
4135,35765.027950887066,508720,0.04120159857749843,21933,1.528395859395249,128.2880732308565,33.19033576094527,6,3
4136,36006.9130995406,364057,0.043811713936143436,13914,2.215075185506392,368.6088135868722,89.88276470943417,3,0
4137,12145.698851644065,81345,0.019779555881593643,1526,8.11538336473687,469.7377368496994,25.28989843171747,2,2
4138,39414.51646010735,371561,0.037547827763328226,12700,2.5318895184902024,368.0872059797482,75.49142941862743,3,0
4139,39319.170112625114,686095,0.040463444512469963,28181,1.3750882980347348,123.53781014570619,27.110859311691126,7,3
4140,11172.76588476409,46311,0.02145281008939328,975,11.878197572535893,442.66085732407066,40.67938854294789,1,2
4141,40604.90151244592,357676,0.043484427947450985,13489,2.5560150386420983,394.3473117584336,59.87083653879331,3,0
4142,7960.286179989633,35726,0.022678573259616752,750,11.170910639648884,487.5866758967631,44.39824744910609,4,2
4143,10836.2146316439,40823,0.025212786219189993,984,11.861953811444106,454.0501874588911,26.710688103383294,1,2
4144,13062.769278293408,62146,0.017670067459904043,1004,12.97532721201442,376.96990854903055,20.000879490236382,3,2
4145,41127.905929693356,451222,0.043950645661435576,18167,1.8673002319985004,320.773029690135,66.29642563945029,2,0
4146,42132.4339395375,653767,0.03707294234946497,24073,1.8933937546349577,133.9071865869892,13.856525685941987,7,3
4147,38378.69762302149,381033,0.042042834595510545,14138,2.145804878353842,333.76520657554494,75.37422440569776,3,0
4148,11335.262482830602,55617,0.021121968636283298,1077,11.764326943202656,525.3532442451722,42.11234199982813,2,2
4149,11202.768096606644,77335,0.018296563315461967,1354,9.172267929645862,473.42179899610727,31.317902822918864,2,2
4150,40831.49367008465,536294,0.038040453858507156,21135,2.0074601764507407,27.063108065504615,22.619010136771458,6,3
4151,33251.7680836752,376803,0.02897960617234384,11953,3.1145588703178184,177.078143104267,42.83526559857095,6,1
4152,37487.378148419775,552520,0.040987012074550605,24676,1.5438316922933173,107.71311816708136,23.270776759725457,8,3
4153,38707.258517318965,404676,0.04152908676229931,14923,2.1788106930672626,416.46762333037213,77.51436557875977,2,0
4154,12602.864436777878,91166,0.018916687939822992,1640,8.178605177786704,417.74063335479894,35.8117565175587,2,2
4155,41234.46939137213,671553,0.04504959456807422,30551,1.330927914243116,100.90215276143415,34.129065276163324,8,3
4156,25317.971252330022,242209,0.03256520189316988,9097,3.2763021261411827,197.45084011382508,33.77138802253655,5,1
4157,40955.04307420932,423315,0.04533023851153431,16413,2.3300879271435977,456.4441454333317,70.92140164913157,3,0
4158,43202.71270998404,643180,0.04053925564841139,27708,1.6700340618119465,13.102800633117553,21.445120374968095,8,3
4159,37940.32289157707,363991,0.04115459780430911,15178,2.549570591641577,18.941861463496927,14.174813368218473,6,3
4160,34366.25950000797,490055,0.03452322081483542,18146,1.8984010130932492,131.90348335519332,36.39875656958256,7,3
4161,6911.812664195918,32377,0.020976636777092293,626,11.597131186437192,424.4901969548623,33.337323372732484,1,2
4162,38215.43852656126,401956,0.04032132362964845,14854,2.0640782885142905,364.125804275769,81.94791653728986,4,0
4163,30414.513272868433,180875,0.02634952265386359,5528,6.382609996644161,154.98034230775616,36.53625269079823,6,1
4164,40080.742870546455,552856,0.03758919517863027,21072,1.9378162633219023,116.61230822165722,18.19718953283187,6,3
4165,39161.78863824761,444232,0.04367806937936904,17739,1.9974542554866481,421.1356769141339,76.91540030001454,3,0
4166,39634.71148226355,682755,0.038095125914461014,28031,1.468394229446987,134.14870152195152,25.43123854658526,7,3
4167,6141.4131076673,23242,0.020683347569293124,457,14.142470426319699,508.2637978052871,33.520590254924365,2,2
4168,36864.776473317346,408658,0.04075706664745844,15133,1.9993407886046521,359.7554862619018,86.83800827486776,3,0
4169,10604.354504126417,60567,0.024169728889150886,1411,7.97372094931171,455.9448096268021,44.36571615776183,3,2
4170,41747.38088254257,362590,0.04471261020557069,14654,2.4469941764197025,399.43871260182357,67.32128343948247,3,0
4171,39525.60818525187,500035,0.04396924894769119,22717,1.8182336722135097,157.0282309467423,17.779467843146943,7,3
4172,35206.14593613525,533152,0.04198669081191891,23325,1.4167512988981374,113.82373482311496,39.35869990009694,7,3
4173,37443.80063871871,461377,0.04415252957760062,17986,1.8442775682632908,363.09231365497345,79.8666637404927,1,0
4174,42855.60950353883,693362,0.04805061138564786,29429,1.189813781656146,392.82821165432296,79.92059362861355,2,0
4175,28139.945435616948,239614,0.03411446320037224,9428,3.6430688431363363,145.43082291824737,36.43679267998643,6,1
4176,25550.95340400134,160016,0.026641749897664678,4634,5.73506774814738,128.942389795584,38.517245616384486,7,1
4177,37438.76559801061,472691,0.04357187412478486,20433,1.955749252685187,107.49183658904234,26.629646132238843,8,3
4178,37867.87068991686,338699,0.04324108112973148,12950,2.421799762008884,382.36125159190453,86.44076411991519,3,0
4179,40978.986456993734,384759,0.04313658228598298,15128,2.165923660225415,350.87152984958277,77.48658362815792,3,0
4180,8876.568332806604,47912,0.013509914336118018,600,16.17912360009053,457.6283398359513,38.12696555108092,2,2
4181,6161.471160772041,28560,0.023276879785827365,643,10.249159766441032,503.3562084674378,24.699723999333347,2,2
4182,29232.556612595377,245107,0.02818493033649931,7798,4.358915119938072,198.88621142351565,42.11388039992588,6,1
4183,37021.02049749611,588490,0.037983666061217135,22561,1.790216140557423,137.25854258329713,42.337497390526,8,3
4184,41641.154960146705,482505,0.040865963751626294,15774,2.449172418995141,348.328472754179,74.38915293653623,3,0
4185,10487.447209132515,72121,0.017158136827002346,1165,9.477051460343382,506.92393757046364,20.65225110592353,2,2
4186,11599.488470163049,57523,0.024412068237076638,1320,9.233398389414875,414.56197415225785,35.951499698852594,3,2
4187,43791.81360849081,504751,0.042234246991991374,18480,2.0994466245926393,445.80348777042997,71.50302574880116,3,0
4188,30790.26789761972,269672,0.030728692334910622,9279,3.6384415960634033,180.76725543323653,31.949906896405828,6,1
4189,28964.66376882661,254842,0.022916505575820235,6328,5.47407510323924,204.67431225694352,41.26012903395605,5,1
4190,36628.01151704614,503378,0.039673271663390706,19682,1.94207458943059,76.47809980998916,14.434627184050669,7,3
4191,29965.635682706346,327870,0.028085341679664408,10226,3.372526164369225,174.09546926646047,42.94885551296977,6,1
4192,24951.827427143366,149849,0.0295182477857074,4923,6.103556729117931,212.36085613487296,36.71851959675627,6,1
4193,7635.031959539141,35857,0.01625829665229611,541,15.84945182306075,466.60332076454193,34.804079776767175,2,2
4194,23802.165149392975,183422,0.030017655849162515,6152,4.3911024312555975,105.94257804237854,42.400398124164276,6,1
4195,7325.881312989708,45980,0.017246886016694496,758,10.286338664376046,416.7700531381932,23.306320292496345,2,2
4196,40024.83393702747,583423,0.042726019431466256,25815,1.4556013687614893,86.8911030628818,9.937701671480717,6,3
4197,30093.936499908334,246619,0.024531462214602444,6531,5.263088236251666,86.82794001838546,51.49176164823268,6,1
4198,29632.372750761042,236844,0.024031116955934455,6219,5.343881613648898,99.73101346654033,43.35034092358723,5,1
4199,35774.408101662186,415641,0.03975782671162674,14307,2.2116634426057438,380.13104556027076,81.88267193899839,3,0
4200,32210.383992045972,279605,0.026967607614575638,8191,4.60185619941527,88.89640362064875,11.701102969281363,6,1
4201,36343.952215210054,513510,0.0370958344392066,19137,1.9584006801379892,124.12072600389168,12.955859649733178,7,3
4202,26029.479223818464,205868,0.03012296713769544,6930,4.452373011689967,212.92136901288367,30.47996677822068,6,1
4203,12623.777870650632,76969,0.018050511573392495,1296,10.442225597490907,429.31519867410617,28.729828740330216,3,2
4204,43006.83797887499,529059,0.042527846848185585,23420,1.909025938394361,87.59579767238777,31.292193172954754,7,3
4205,14905.37089893468,60554,0.022783842461587996,1276,11.443763777312949,490.47201377044144,30.795857069284704,1,2
4206,38392.60661049145,335816,0.04145676102705653,12279,2.787865418107012,408.3614567342734,76.55685253026996,3,0
4207,36756.32546268426,529566,0.043137259842075996,23843,1.5254679681045227,54.71791771075368,15.090318030254837,8,3
4208,43959.71558051131,598092,0.04052919491362247,24553,1.6247884128481567,33.06543734485918,27.558398930039292,7,3
4209,4483.423825116532,20324,0.020361101046551512,379,12.231245306868615,475.26417078628896,19.43783641054038,3,2
4210,9651.65341266127,63114,0.020023049433814482,1264,8.285596430193735,442.17574442968674,27.95315342107442,1,2
4211,27440.462354260137,294321,0.029347027197917527,9705,3.290610494368191,101.75533277080137,28.2891452164927,5,1
4212,28813.70609671722,313151,0.023458637170180506,7923,3.813829657051252,169.2264429562417,35.323014779044954,6,1
4213,10145.238590847528,42860,0.01667063679296129,651,16.715776084920858,456.2132360048392,26.590343455850384,3,2
4214,36859.28019019643,314998,0.04327515109005772,12420,2.4756965995369065,371.7778277240976,75.88378900602414,3,0
4215,8108.268567350018,46799,0.016363922060819512,747,11.156349183549544,448.9605792260323,25.841185541931356,2,2
4216,37261.638633841634,692671,0.04603577070377557,32548,1.1861614912343124,100.0593735091589,17.137182282806286,7,3
4217,36177.51907495941,405684,0.04610173683492098,16675,1.9214705869932704,402.1510671330848,76.64208601231472,4,0
4218,10481.702226471149,65379,0.02356328826598623,1434,7.956148470553557,491.1606821640117,34.01242017470712,2,2
4219,42485.09918858291,464996,0.03970305172482073,16639,2.068946834798573,399.27500409362716,84.97274295170311,2,0
4220,39778.03016645823,443778,0.0408342682283834,15841,2.034530249765225,387.51246815733026,74.92412391765895,3,0
4221,41251.670950648775,469353,0.043978270078294045,18216,1.7992694219939007,367.24960437092074,54.54975567521254,3,0
4222,13263.07654520378,42237,0.018343751164355937,717,20.39403750323697,380.9161078377711,29.269548410919505,3,2
4223,37077.0706784324,476767,0.043479566599976906,18365,1.6874858224947729,345.98448804904893,74.15761850434451,3,0
4224,34540.070686899104,396308,0.03949679414199009,14104,1.9749809573007788,342.21126818918464,82.28415475635967,3,0
4225,43196.898288751894,394910,0.041295715574223325,14589,2.5109381207143393,392.98320581720367,84.70547941176399,3,0
4226,2761.788560002811,9995,0.020437200410075275,194,15.642119936822269,462.46582638905386,41.96880640143884,2,2
4227,36920.77643452556,599046,0.03799865908980235,23667,1.5796152489307125,172.3587289731445,25.050932900509782,7,3
4228,41415.27231654196,628488,0.04157212707611217,26734,1.4771916050581855,125.02928523974028,22.672626606102728,6,3
4229,8063.48122297037,39797,0.020867275333753092,791,11.407565605916993,505.5449974278228,20.578468421864578,2,2
4230,40436.68307137285,508638,0.03785686200003777,16512,2.1597834306034707,325.6170179480528,90.48700016072391,3,0
4231,11394.389157315298,57366,0.020025010023293873,1059,10.942003757868624,466.897040694587,35.06017385166204,2,2
4232,9651.134653149995,51076,0.018326254486899972,899,11.334621764882536,462.7860097863295,38.893212232795534,2,2
4233,26498.105470663453,201453,0.02719261940411155,5974,5.389012639277974,130.9406261293338,20.675195826536974,6,1
4234,37170.419962790314,443215,0.04227534270143618,17074,1.8078255153983454,469.0413196100888,72.46733752951296,3,0
4235,28651.966843607177,274822,0.02929032790033609,8840,3.5439416458315143,144.66287387916992,38.001823846169216,8,1
4236,8194.466776730329,32576,0.018281779698915722,594,14.463622774633254,473.54316128694336,36.28318211465194,2,2
4237,15129.885799248133,103170,0.018581808452343203,1772,8.595976819473881,459.5258400887332,21.37850490948672,3,2
4238,42944.98741941908,574255,0.04088198035167133,20709,1.8739159106194367,385.1612618760051,75.67122301483622,3,0
4239,24758.000630888655,253989,0.03006605860336619,8435,3.3180126168888058,63.15781033412265,49.06452809818773,5,1
4240,42340.359009933985,637930,0.04347584847877763,28049,1.4787631456520525,164.4351290565405,29.53384571438616,8,3
4241,39201.67525875167,608345,0.044186257998733686,27492,1.2625986232997344,88.75849060630048,14.558586155287873,7,3
4242,34154.58264842965,358424,0.045408616232263284,14083,2.149786593575963,354.8190941906576,69.1665518869567,3,0
4243,6613.300668906205,33990,0.01722560742046711,578,11.77329175900934,437.9597208711372,37.00066514770382,2,2
4244,7092.797481325564,30724,0.021056360193971294,614,11.290073660695745,455.34582023135664,19.477747987441184,2,2
4245,43776.509144354495,642699,0.03861189961258569,25676,1.852192100452988,113.3345427369246,11.049770283590282,7,3
4246,36297.96742967146,311228,0.04504216063183099,12644,2.415601809925845,370.7822328095663,83.30204305186994,2,0
4247,38110.44380144381,590553,0.040667905598331874,25605,1.4514919801201736,79.6286282845791,21.132224499950045,7,3
4248,26344.220335412745,178380,0.028972013558525772,5984,5.216828412517745,153.9018219773544,49.894947032605344,6,1
4249,41223.284439798226,505656,0.037807249941026314,17622,1.963841671339798,413.98697593139076,85.2340011484821,3,0
4250,12033.803608198577,66248,0.01914394945914988,1217,10.362887218095464,464.0720135268676,34.70958696920372,2,2
4251,33876.80032665677,286337,0.030526554314105864,9411,4.127956149184296,170.13927641513965,42.92708111451672,6,1
4252,30317.23553227323,190655,0.029966863258410435,6488,5.45202875694466,155.3124633211782,42.70159353963474,6,1
4253,9983.488552724404,26842,0.019988679637813197,489,21.951052765458332,384.5921159929898,25.915131252467116,2,2
4254,38297.319667283286,511940,0.041822109567343495,21706,1.822996985575625,121.38709157382264,29.49023500446274,7,3
4255,25296.37335345121,226003,0.027133582250600842,7003,3.9852648582033017,113.86640672078161,42.585047142361375,6,1
4256,43996.085682472694,689194,0.039978149480460336,28024,1.7221042312837862,216.23840218659126,13.122787632376646,7,3
4257,36038.5523486794,597452,0.03985198414494944,24979,1.4647178851353935,141.85298299513983,27.442995994105235,7,3
4258,40093.559756520626,594503,0.03815932037305381,23520,1.6134104707413144,91.89068191233437,24.818389326967914,8,3
4259,27911.313581699556,216198,0.027329850936229222,6641,4.933319623307046,178.4185811966121,32.13616733699599,6,1
4260,8160.233012053116,40712,0.019503839801817125,770,10.585717716169071,455.9866119115804,30.888366945371214,2,2
4261,39607.539722856294,534030,0.04149188670894789,22747,1.7140985968722322,47.565934955087634,24.728369098004652,7,3
4262,6844.683720692931,28129,0.015424419288271717,396,17.687436137925097,517.9070521363503,16.851265095060747,3,2
4263,33234.274304078164,478515,0.040647381394602514,19424,1.7434253967969793,66.0815401264848,19.9659080165131,6,3
4264,9144.626171077853,33622,0.019638447362498687,633,15.32509085430602,448.9717900420329,25.293792778423114,2,2
4265,14049.78878441676,90830,0.016162004527456544,1488,9.994057123192853,515.827805345496,38.87270469151044,2,2
4266,41103.94085802715,598281,0.04106724544101648,25186,1.6423492496645202,43.28801117279342,35.46375049467903,7,3
4267,29472.303033831497,216258,0.029804943139160524,6993,4.98332351666362,125.37600036115633,43.35408844440444,6,1
4268,7628.06713697242,31068,0.02212603588502666,638,12.646745430669519,449.6427475067997,28.072063774995954,2,2
4269,40440.074518771195,459917,0.04699338515599463,18727,1.7012974737088478,422.2344743006038,55.52664022449998,3,0
4270,34190.011644223036,287363,0.028472399549776116,9436,4.1297019421146475,126.56713507962573,40.700150237972736,7,1
4271,14043.103770090644,33058,0.021030091790183086,635,23.955672644486977,467.94529800488584,37.84792764783058,2,2
4272,30203.468477714712,203247,0.0266725383970709,6134,5.9972339857871475,197.4634910273676,25.932092975445087,6,1
4273,10606.412630026392,38139,0.019721952821326345,680,16.6640455686166,416.17542071687905,28.22820484874684,2,2
4274,42688.70822259448,557154,0.039170444155092,23537,1.8507639325513687,126.97673746765885,13.653680455493793,7,3
4275,40037.462250342374,562259,0.04257133127422605,24023,1.7905979230894111,152.3898356625863,29.641161958346007,7,3
4276,44784.97435574737,547130,0.0392686401381034,19072,1.94195059130238,364.47034712338365,67.17246318118495,3,0
4277,35844.41149589806,452584,0.03937337738244348,15785,2.003312074840116,376.8816894248081,72.17369036571857,2,0
4278,28480.412856261475,265740,0.02647882867160048,7890,4.027306660600549,206.69599355416972,36.68786285325621,6,1
4279,33085.805100036334,413154,0.046205497133564775,15753,1.6986971177937469,415.0819244079064,86.32173108295949,3,0
4280,40697.43638165909,382718,0.042954611135131195,15008,2.288722880223025,407.0898304050396,75.0681936406895,3,0
4281,4858.3646470667845,21803,0.01943754301454293,407,13.07584048898323,422.9840706139853,24.787282651916556,4,2
4282,32869.05698812833,254772,0.028826993692555078,8316,4.614960641183136,147.77120119793585,39.0578877710509,6,1
4283,7715.567111497329,37661,0.017046386730467954,602,14.457653646275505,449.96320324258306,23.891765589547088,3,2
4284,28052.264625070282,272157,0.027934068414775866,8755,3.8016851534807397,148.89596839668602,38.695450015252405,5,1
4285,27612.534239048677,284332,0.027716653394879658,8771,3.3443956611250014,157.27122846479833,46.57296245553678,6,1
4286,9034.212872039981,43977,0.019112523011010758,782,11.883321284142129,480.196345733424,37.79716973089545,4,2
4287,10846.882773068855,55011,0.019709543753701826,1041,11.726382569017716,481.50784219005095,24.698070326145775,1,2
4288,12831.983630481256,72255,0.01921807914246266,1293,10.675989334461574,538.9173515052549,26.545223535045505,1,2
4289,43782.470731482,542050,0.04247367273115636,20446,1.8850652733508968,436.83063373322307,65.18598261236208,2,0
4290,27487.508085464928,271390,0.023107761194075163,6916,4.535849679112178,111.53871846610593,37.87278525239551,6,1
4291,39422.12154027461,540642,0.0350663186829143,18932,1.9286647899566007,109.29564980846776,27.814573160148303,7,3
4292,38129.813768609034,570043,0.042956634866492406,24985,1.491161152740266,120.52030936692452,23.0147500024462,8,3
4293,11066.463688020065,63208,0.018159742692898766,1100,11.171280493576043,426.96423141632334,28.617332987807238,1,2
4294,37747.61085937003,437861,0.04174399779918913,16524,1.8674088499250685,381.85544993325715,86.90065876197754,2,0
4295,29034.746974012924,210675,0.023223699523525657,5642,6.281438637058057,85.26216271226242,48.913192901183464,6,1
4296,38821.617737129294,475500,0.0369204033027905,17742,2.3080023424853477,149.47894078205354,32.65281184503409,6,3
4297,26085.566473318104,213262,0.026319849626220533,6237,4.4864370129627265,161.73965176393492,42.712707632661775,6,1
4298,28242.347984150612,270809,0.025076102635835713,7779,4.252067450039443,113.03386969470638,47.73529608556444,6,1
4299,9675.211066894924,42045,0.020912101768074287,846,12.577825458395118,498.3197872173816,21.52296454972974,3,2
4300,43021.53030803523,600153,0.040031255687418284,25733,1.6806479671276977,99.53071495136416,23.9654157504422,6,3
4301,38805.15258464875,500086,0.03559480234098565,18047,2.0466070131809135,74.19861768695712,34.327215328554,6,3
4302,25968.961184329823,166460,0.030112193346130876,5444,5.6987310608700215,80.24302824247195,39.98680391900295,6,1
4303,8436.40301456715,50299,0.01778718823299516,844,10.782975943304745,460.74234016715525,46.420750061237904,2,2
4304,8308.047857222482,35165,0.022931976677969732,756,10.501330994171663,455.5338428659929,27.927015256548614,2,2
4305,14563.933383523214,132597,0.01830023491666229,2318,6.806928993819297,465.4131004070631,21.59423481428351,1,2
4306,29037.83323561056,241653,0.026070396778845095,6763,4.821089137543323,143.53641329060554,27.505090315629104,5,1
4307,11176.22808446505,28082,0.021754658763442854,573,21.235658623688977,483.37570117257906,48.66679455237285,2,2
4308,8973.914709195826,39309,0.018893172957226687,689,14.21987651596274,391.50484101205154,32.176431221243526,2,2
4309,9007.579362368348,52763,0.01694964117578507,818,11.326786181828064,464.9539969994208,32.56200110974091,2,2
4310,8330.489964794739,28003,0.01777248643599033,455,18.856792323427857,510.3289048060251,27.774407593186634,3,2
4311,8526.423296117682,25472,0.018920730307438394,467,20.13351539876148,498.2049646048425,26.174323952251406,2,2
4312,11968.077414597341,62383,0.023271142218130016,1344,9.8454647252004,482.1752020335533,36.49153878733376,2,2
4313,30322.896066569672,273583,0.02694527337108086,8690,4.066993398086041,143.93075779144962,37.22645893430596,6,1
4314,23855.888461587758,139058,0.026597966671814667,3948,7.175642545341578,183.63427085392044,34.808163914852386,5,1
4315,40258.986682217546,467529,0.04470951815391228,18597,1.9170747475678882,364.19857079191354,81.28420718472722,3,0
4316,8075.22841590877,39216,0.018622328726577132,687,11.701406301360986,443.1329013972371,15.72149959038804,3,2
4317,9464.836414655927,41202,0.02097848765661895,830,11.817170368305131,415.46539180909537,35.64737778556574,1,2
4318,42862.83654375605,636811,0.039404676895370985,25591,1.5773581694062844,195.55930597961554,26.239362935260534,6,3
4319,36609.39332564007,431606,0.04958542537574417,19249,1.6052898753029587,349.43789445897215,82.13923829789336,2,0
4320,44994.648897487954,564368,0.04344791004084361,21879,1.7066067603637802,362.07278281847283,82.79835816263305,3,0
4321,37764.35885806401,649864,0.03358455472139021,22080,1.753769791950755,134.6119495899968,23.197266355661647,7,3
4322,32267.512438430767,518867,0.040619915914460715,22527,1.4393460819028039,161.36702651642582,20.370573160723954,8,3
4323,8593.56720387793,19209,0.021426750055842388,387,22.507906789446732,533.0905203787709,34.16808683701183,2,2
4324,10085.252966465101,31237,0.020165411783606087,606,17.15549098317162,430.1872100439195,34.155092785932716,1,2
4325,37403.29425779399,425140,0.043805492745742886,16808,1.8746743642164212,423.8341638818258,79.09969804038862,2,0
4326,34663.6178264163,369899,0.037419131681641106,12149,2.4288929628567346,341.9425367832784,92.63046210989383,1,0
4327,29428.76602850164,268269,0.030344201266241655,8783,3.794054074049197,128.41965513952437,39.65940682638674,6,1
4328,12984.036185874547,62182,0.01705437449281956,1006,14.581391814823503,422.92789125778,41.89697147704289,4,2
4329,41138.38887992669,474629,0.04505582180145468,19194,1.712208842083933,410.22431754080696,71.83092684833375,2,0
4330,40283.975786912546,692285,0.04067444815863829,28816,1.2236782174577128,110.78751692636206,18.604734217034615,7,3
4331,27373.52975242817,226711,0.024059999569954145,6096,5.6297796144180134,114.27666686801733,55.83578398162514,6,1
4332,39493.069057514585,580698,0.038737039726766155,23461,1.6815256940494885,114.91575832032163,21.368090197183793,7,3
4333,44175.92269434684,662613,0.04064722674913275,27938,1.6878447359616153,77.96224085306028,30.95880056539158,7,3
4334,27418.377842121965,211637,0.027237466191366792,6448,4.632145568730786,180.45882095849203,37.39793839103144,6,1
4335,35816.625580290776,367064,0.04234223938850408,14213,2.14447242023608,408.4606915052846,73.81769033067104,3,0
4336,11856.642382409553,65259,0.018841919592771168,1175,10.70070134914857,462.85885474589924,31.998074679857048,3,2
4337,28773.58529117748,268917,0.025758451866462806,7760,4.234309108354798,139.11974661557005,32.29205977805726,5,1
4338,6982.051593518788,30260,0.024056336396483434,664,11.708342101263106,407.6619042010449,22.406592211528167,2,2
4339,12454.664437563704,76106,0.02040212986425745,1455,9.914924513510858,448.7023033371679,17.786742205293145,3,2
4340,40533.899338851144,646207,0.04161787417025379,27957,1.438311713770277,118.71171656930746,22.084599664182452,7,3
4341,38935.98650542192,414472,0.0409856767319367,15300,2.145701994566593,428.73860279134306,68.74266722365594,2,0
4342,26734.806825733547,167291,0.024229245750295263,4512,6.930762105105165,205.011240371561,48.017925511843444,6,1
4343,33345.054744902074,295254,0.037313112552423935,9681,2.8591406934998775,372.3617256247233,66.5043925404576,2,0
4344,9540.512923134711,39991,0.0216435085911363,764,14.033189988354497,486.0380933872018,31.773217960910728,1,2
4345,38423.48161102916,452949,0.04169463792213061,17235,1.7144138559107924,356.0511147176437,59.240235239606534,2,0
4346,9722.20157069002,59466,0.018895970126515067,1014,10.349000003858022,515.5541804378923,21.154299756299416,2,2
4347,40984.34613870755,516719,0.04129259052628677,21228,1.848924751727477,104.54211843665388,21.00604911725908,8,3
4348,10538.131248282076,33943,0.013831819979922135,438,25.186476348606394,408.5623684858597,38.39231576820518,3,2
4349,8408.242670435147,30562,0.022219419593479214,614,14.671256046863544,444.97969335258693,30.205935963037277,3,2
4350,30511.796549004874,210162,0.026704320957570728,6321,5.67909105378993,192.7063295808821,30.12408988711267,5,1
4351,42882.74048138122,644848,0.043683185639605535,28814,1.552676989261377,139.82182392278904,34.29281245360496,7,3
4352,37926.94029545507,455605,0.04563929983710281,18708,1.5878202646490143,299.90152287021033,88.92937687047306,2,0
4353,39946.418357117946,307181,0.03919125941002657,10627,2.9991727959745242,404.19468231736874,85.85212533842585,3,0
4354,33585.817372659134,476505,0.04277232186643229,21185,1.709238012290694,157.86843800431166,19.608945888251323,6,3
4355,38745.71738977705,673454,0.04321352709719311,30527,1.279771340430308,122.41362970052661,29.754306765127637,7,3
4356,3870.944381590596,18191,0.022000467262035365,392,10.39824418809589,522.8170404250042,35.01412202604543,3,2
4357,29333.521601194137,341556,0.029485863738059122,11144,3.0878115400867663,186.80083023499554,36.84625430941196,4,1
4358,38541.74587336734,467868,0.04749883540734403,20710,1.7245473580426156,453.10266161367963,69.8114267784822,2,0
4359,34981.136926226165,613792,0.039979547249792094,24956,1.3382911626902576,160.26690285607313,25.72759716846838,6,3
4360,39492.568183403724,600459,0.037812270899691795,23436,1.6361818219131876,190.81829444060804,23.800392994399605,5,3
4361,30679.938996084256,242254,0.025192879901544663,6780,5.34110798078989,166.33418557324907,54.167469093342426,6,1
4362,36334.07309901104,520537,0.04276236969292355,22753,1.673033196293806,155.93638554194814,30.8037030220228,7,3
4363,36942.14429846757,561573,0.04430905406965804,20644,1.446036560498187,354.9105164284444,81.17775773588521,3,0
4364,40149.709486265674,564264,0.0394187548078606,23145,1.7904691402279058,115.47282514814283,21.535912346393093,7,3
4365,11722.889116838161,60033,0.0180582378740811,1028,12.569746283419498,484.24573798937683,26.223102510128626,2,2
4366,38558.160532764385,426646,0.043628365867012506,15801,2.1321608395106235,317.99159529213136,68.35173699683257,2,0
4367,11290.999586322136,47725,0.01763774027788322,774,15.231473612728644,451.65813919514835,38.62502237041123,2,2
4368,40542.02476003389,410743,0.0379328066910087,14116,2.584901312445445,364.71150011880974,72.68364916477357,3,0
4369,37554.00159509248,465079,0.04191127685967192,18279,1.9580628358521968,403.28591171537283,91.24229426376257,3,0
4370,13183.936355971406,60788,0.016494492628009234,900,16.44627918200876,461.0046083822851,20.256422365884895,3,2
4371,38481.939472148195,477977,0.039889642749788415,19265,2.2353310362799803,65.85617196839863,29.155630434147746,7,3
4372,14637.238901800663,62298,0.017885935605396766,1051,15.562170691482072,485.37140628349374,37.129037541326205,2,2
4373,27674.64920585483,223791,0.025608761089100693,6450,4.777326497742691,176.5206542827851,37.804048286665626,6,1
4374,10017.543047840269,51081,0.021340609030174335,1037,10.25805362346121,454.98633137888226,28.73473385396515,3,2
4375,38796.046786733656,552406,0.03887451142438281,22026,1.7899495412938249,146.69251802840827,24.490678318629275,7,3
4376,38023.53721380212,425199,0.04331433487342459,16298,2.006725714114892,352.83390989662615,83.45009431508261,4,0
4377,35365.73900448142,409271,0.03851571238654644,13906,2.255853314746919,405.94847984902964,82.48880311674532,2,0
4378,36590.85168584301,537650,0.039618646280616836,22207,1.5789894883382518,157.1104853030784,15.287694478257253,7,3
4379,9012.736842723087,57269,0.022492910580048736,1219,8.434953780540873,451.7289618537804,29.604469406442636,2,2
4380,28277.843925045683,202810,0.02937853172002193,6761,5.214326765061511,187.90728177614662,40.77434668978924,6,1
4381,35793.76351224625,403275,0.040914101481267846,14449,2.0589072186449697,357.7957308777958,86.88002031777344,3,0
4382,14003.96984694556,80500,0.02200740273499579,1598,8.54838568068967,460.0777542617941,23.95679721157954,3,2
4383,38593.30953817915,538468,0.044010667151524005,25156,1.514949698764144,120.66016648146409,31.720019328765837,6,3
4384,35997.63059300472,468203,0.03992368975268462,19649,1.7534106148327264,119.70915698116806,19.166422666945092,6,3
4385,38546.384984344455,642513,0.03689203800386221,24556,1.5618178878896303,164.07155821385993,22.03475491928491,6,3
4386,38462.89827531483,517200,0.03951019795167543,20538,1.896098005385531,126.11449786207383,23.358183444790022,6,3
4387,9485.020182886434,49838,0.02043962579239103,968,10.96870404377219,451.48898587615173,26.81222475577918,1,2
4388,26792.219451029603,248326,0.02867735730124578,8004,3.7337907127750887,172.09113861602285,46.300236809764726,6,1
4389,32366.30124445024,492507,0.04522555187074431,22269,1.4987757720170454,151.4781331752087,37.40638714166633,7,3
4390,35440.79728994429,336915,0.03968451196366635,11875,2.4830337463466505,417.97284253968905,63.518110816117115,3,0
4391,38551.674349718654,617851,0.04003248593555659,26685,1.5021339327961123,111.6578608924018,25.74608379951276,7,3
4392,28405.59596050644,218927,0.025216069711136144,6231,5.36708411510296,213.51993463894038,49.078303897944636,6,1
4393,12043.398357671978,53439,0.020037775652586538,1014,11.975217459208817,441.7145915163455,26.66309685411364,2,2
4394,4161.13199611577,22163,0.020470462503930607,428,10.295306215697147,489.638721628021,30.49175539557492,1,2
4395,41848.82399206503,586409,0.039961439029131185,23832,1.6844807408005793,140.4925741385748,21.307032316088453,7,3
4396,25153.003360633207,177061,0.025303074517628678,5047,5.94991025513546,166.7700321988001,35.73598931561494,7,1
4397,40634.82717255807,733272,0.04096526289538601,31161,1.3311582631057501,155.0912580700017,30.97039348623997,8,3
4398,13248.9842687642,60371,0.017005702202288073,954,15.08729806843854,432.9942712020051,36.85562368515605,1,2
4399,10754.352465622158,82129,0.021730458920329796,1688,7.26988041143406,477.32653818458704,42.55347306234946,2,2
4400,32674.131419214893,322770,0.026664812930507098,9689,3.8775464316930632,157.37655209262203,53.93241876073369,6,1
4401,37866.54646793823,532119,0.03870863378091957,20552,1.9062265930684894,62.55942381264013,26.242837872656033,7,3
4402,42750.2520795956,430913,0.045144226166946896,16265,2.2501477870311968,406.22329769525356,72.73699307304881,4,0
4403,26296.140109585067,179547,0.02773540806910297,5637,5.874103056919769,171.70370146565654,44.73959228793637,6,1
4404,38399.52428851019,406329,0.04328404283582704,15778,1.9338369923721503,385.24885124904927,75.06564440827619,4,0
4405,8898.276744378905,38778,0.01495371816355635,532,18.838966221161197,522.8275570596667,40.68268542890788,2,2
4406,8372.976208513097,53831,0.0231604987294697,1174,7.631753393693972,511.9507522406747,35.78974258978482,1,2
4407,31214.473963757573,152356,0.02508778036297351,4318,8.665006944920238,222.66201602884612,33.69772610408902,5,1
4408,40356.72772230247,557173,0.0373129225137269,22359,1.7147461113540239,47.99367546838447,21.214939530087825,6,3
4409,26152.899595349903,214452,0.02969523383572159,7041,4.13937811243214,130.3017358226386,39.18787892328864,6,1
4410,41799.50072963994,562691,0.04518142070183366,26559,1.518239397978255,115.13040501188271,32.026487308068866,7,3
4411,27324.539803426862,213184,0.026329015082867592,6363,4.930422145169019,154.6622199237685,33.36533772097473,6,1
4412,10525.627484397393,73439,0.022879431207783206,1587,7.349048822738015,505.15552310922465,36.60219814720193,2,2
4413,37495.55310819741,480906,0.04501773401100462,18773,1.7816575052411858,352.7214144700927,62.07729153111815,2,0
4414,37968.111071491534,581183,0.043332377136766465,25622,1.3622041011910855,128.64967877979598,18.647569420305867,7,3
4415,7565.101831782166,43216,0.016068994061713207,630,12.714244450177418,472.7088375008181,18.03597668120378,2,2
4416,2647.7726063327095,12720,0.01872490751884986,222,12.995941195157224,454.4650806649853,32.48718309276148,2,2
4417,40145.55394696929,524646,0.04425686080264114,23786,1.6889571942029882,173.1581194715494,23.237278928407648,7,3
4418,42653.50103884878,531423,0.0401109645628556,18932,1.7729277022354724,397.86858931425525,69.8040784631748,3,0
4419,26368.122394611935,296465,0.02259895063054404,7470,3.8182516884207436,226.16396403097207,41.87892768194662,6,1
4420,26667.128953787473,156305,0.028234386811201204,4820,6.6224235083730445,152.34409792602608,39.74370646168436,6,1
4421,40235.822763901415,487548,0.04596580715462146,22871,1.6520578489821787,100.1659265776441,32.268154140734744,6,3
4422,33561.372201334605,316057,0.028598334893762442,10192,3.7318153896255923,148.1164986211342,38.522542544090264,5,1
4423,39774.44332632942,476824,0.04008403306861041,17369,2.127937660821589,357.03614006760176,87.38407530673425,2,0
4424,6652.660724472244,30278,0.018405159961237517,511,12.432308300292943,486.7807849033584,37.896856331387916,3,2
4425,6565.1691411017255,32478,0.018104379288084227,562,11.619357400502565,485.8129237801615,31.12469075750008,3,2
4426,33844.09931644821,371722,0.044933840956775495,14327,1.966363676354342,388.3298371466474,76.92653428375844,3,0
4427,34359.8439002309,270424,0.046156325343922125,11809,2.522595289798314,412.20075599088483,69.06386924527833,2,0
4428,8253.720443687816,46189,0.020925105687189253,890,9.353233123857844,433.6634647164944,23.480479507087765,3,2
4429,6633.544156490917,22596,0.020970843548917532,454,16.439020941429927,527.5003487648887,34.431968655188335,2,2
4430,42354.17204604552,425266,0.04499879686031506,17181,1.9999576335469649,383.01581809694073,78.79295942114628,4,0
4431,14034.800930167692,112987,0.021346650063405526,2304,6.394069440802352,456.2017044501793,23.86172142486297,2,2
4432,30792.87642228124,236099,0.022621943470190822,5924,5.981922145711029,226.8893479459385,41.8706612475211,5,1
4433,3947.118782436893,14962,0.02203894989175813,327,13.168413943884092,459.7312153422446,30.36330692134339,2,2
4434,25937.080251482814,215641,0.02796670157084539,6838,4.324940903906314,150.10240648255686,26.099749967007067,5,1
4435,39863.85379361232,512068,0.03621022747533793,18999,1.9493721012164122,162.3667768577967,24.569821082521685,7,3
4436,39518.65701227707,534365,0.03903174665909182,21785,1.8465147409211833,145.0169451671492,34.50879576555054,7,3
4437,29049.40300280521,200733,0.029992083869346278,6540,5.134750459506249,113.14845828667866,33.21055135751959,5,1
4438,33249.29014711034,305270,0.04131306697992132,11388,2.6135445600501264,392.7347242861753,73.6650608196707,3,0
4439,34610.27382413381,489403,0.03857997533194311,20312,1.7606667113992518,145.93363686524634,25.87333726710936,7,3
4440,35254.417066822556,421613,0.04184782324297726,15603,2.0140502617550498,413.45118797370475,67.83119062961524,3,0
4441,8715.148955848515,49407,0.018789358960275865,892,10.099532728696403,440.6907393960662,42.32708608756347,1,2
4442,34242.53372831349,524554,0.041385467339847985,22532,1.4657336064657496,145.52269586285547,26.084022166320427,7,3
4443,37697.03922863396,676150,0.04171439187957625,28592,1.4268246319800633,65.86264936555582,29.002899680545603,7,3
4444,41890.96800173541,574761,0.04396978893183166,26492,1.5166139907029834,159.09971086059141,19.910993181812508,8,3
4445,40760.3222389446,500904,0.04165177354257825,21634,2.0434093367994,135.5137781618104,30.460494034312628,7,3
4446,29021.18091571291,170420,0.027738843246675776,5395,5.723920271164079,130.18542061599783,29.21223348337831,6,1
4447,9203.519556058662,31344,0.020075689524583277,586,16.431019976166844,564.5807028375796,14.836687253530096,3,2
4448,37649.97791372593,367661,0.038851427542976824,12359,2.499170508741383,334.16426797853853,88.03296575292809,3,0
4449,31106.55565384743,368304,0.022015788035563977,8916,4.203336874701126,86.33738332691259,43.6269080483234,7,1
4450,39558.99300057227,576633,0.04117665226869242,25032,1.6150582386386612,144.5945121634865,38.29322124408561,6,3
4451,11016.888662445803,57462,0.02147635206615953,1186,10.822064422658453,541.6852195862483,24.262536891881176,3,2
4452,27861.443619062025,282183,0.023761222122937412,7466,4.467460874637628,141.61249963759303,40.469393985139035,5,1
4453,34439.62111342188,540701,0.039109351059149686,22658,1.4016907814305068,186.85500851321714,23.69048753707567,7,3
4454,38807.11954157761,358639,0.043528466065887936,13905,2.394616960601726,376.539829759308,72.57150416346074,3,0
4455,28325.134743207953,157191,0.024676851338733905,4318,7.257308064765438,207.1873969505585,40.839088906266284,6,1
4456,13135.844551720442,50651,0.020888997876225848,974,13.364027996168838,420.56354627379363,34.53188030816933,1,2
4457,11706.307542828266,49572,0.022508128280546047,1073,11.592014576064784,432.14923983189294,35.350412987366155,2,2
4458,39386.3709242127,585866,0.04006638400163475,24769,1.6527493844478844,184.53013765565376,24.415310328924495,7,3
4459,36243.84307849487,468584,0.04403864722525462,17941,1.614901470713501,388.28311620817453,86.43646960921816,2,0
4460,37499.23782731621,425326,0.04090371927951271,18254,2.035871497272701,171.5220456064788,32.26918718917889,8,3
4461,38461.8800150004,456547,0.041560243330417364,17594,1.7936295850175574,405.32457375287464,73.36278170571933,3,0
4462,38280.94994258498,340936,0.038193854922812624,12285,2.4924315994004504,305.9237509006838,77.27893787646359,1,0
4463,39154.185812707845,636370,0.04161312238186715,28410,1.5411094911955698,109.27984840211415,31.99512299231881,6,3
4464,39561.00750817796,425304,0.03897815564730901,14936,2.3548710411892166,337.944606500415,59.660882997531715,3,0
4465,37973.19298403575,376604,0.04450361539572461,15521,2.1551176339069955,330.6521080925322,80.06611157412384,3,0
4466,36829.5318755682,460055,0.04190122385274659,17337,1.9511300509242193,396.63207009233497,80.99869510806532,2,0
4467,11794.265880929324,71643,0.018653323014484947,1218,10.377322135527733,474.2170676811403,30.052673658630784,1,2
4468,33917.50734835638,212619,0.028882197478988444,6737,5.34529402075776,149.7352688859527,26.35354892553711,5,1
4469,35300.29026342786,542670,0.041678601637187264,22541,1.5279410212022375,122.44125783731688,42.08168222934913,7,3
4470,9173.613277242164,39347,0.021976798030180857,828,12.540597629046461,505.63288462983155,21.243268362960873,3,2
4471,27599.896334428933,237727,0.028072411356058348,7701,4.124088663588313,142.3025196605956,39.185450399008836,6,1
4472,8490.462144723708,34920,0.020695606111990894,700,12.432262913072652,478.13121878136,33.72640032104223,2,2
4473,42910.72697790885,457850,0.04590811098640054,17251,1.995014541245774,467.5383594255249,72.5014231733704,3,0
4474,11284.799207263799,57034,0.02245417991730375,1232,9.493608603480927,488.66031806880613,34.17319781378306,3,2
4475,11593.159468035827,26476,0.02265070061536046,581,21.17574848718807,493.962499608195,37.11603540189016,2,2
4476,37441.964119581804,370035,0.042304240757778735,14114,2.26656665306978,350.9141443931245,66.88702198450835,3,0
4477,34255.179612290565,331786,0.04085417974662958,12268,2.264990523680756,298.2408449359632,78.25246843789743,2,0
4478,27775.882787267772,280690,0.026415491818810012,8885,3.6487526055886645,107.89068969727633,35.33260491035294,5,1
4479,25992.72706794301,280277,0.026394962626101,8199,3.7666681774939503,161.59224896109802,31.560662257856244,8,1
4480,39309.396253164785,386077,0.04388717212366116,15391,2.156487223964396,361.2000490951111,69.49950378526431,2,0
4481,8294.815636358162,26979,0.020597631634641622,526,17.247408711470374,475.49883565550186,42.950660339763466,2,2
4482,39001.35107213579,425948,0.0470390589418619,17621,1.961766936797353,321.6739736724626,79.51938957955382,3,0
4483,10180.077248450925,31292,0.020547323302299393,609,17.840792509022048,469.3825639192756,43.2090148502648,3,2
4484,28514.283407238654,269851,0.026033245292250845,7815,4.458471196388776,152.514875538104,43.792402397185086,7,1
4485,13972.878659918668,73551,0.017709502090325315,1212,12.678979530889956,474.6933090164606,29.948395128187677,2,2
4486,42360.04212266082,618859,0.04186484082235193,25970,1.7070005767159477,108.65036922251757,28.077264132125972,6,3
4487,27517.556281277484,191669,0.02578156351779247,5402,5.952116941487565,178.68188969195384,32.79720597253486,7,1
4488,5367.890828396482,31731,0.020974499013822714,632,8.630905904646578,488.5269294223925,36.623155930864904,3,2
4489,26235.328595508283,157928,0.02841129118289562,5000,6.0602342486087695,157.08380162355752,41.711259500394846,7,1
4490,10678.313384097144,66443,0.021408089489206687,1339,8.450467738359638,498.46504771425714,34.55215763021589,3,2
4491,27812.449980986697,254729,0.030792247317224443,8643,3.608449894312473,190.40524081724848,21.405111782545312,5,1
4492,39619.28521339425,444251,0.041680950660269694,15848,1.8892768110153482,404.59736046229045,72.99911061641762,4,0
4493,7669.278310911466,47041,0.021110951082265544,961,8.52849598319057,351.1305378932606,32.64083721217942,2,2
4494,8617.400439688525,59625,0.021726660825805273,1252,7.460573067177949,478.216451046885,25.805151122841774,2,2
4495,26890.469889695734,229675,0.025209157763866778,6514,4.913848099399157,155.33980815156505,14.11974663464465,5,1
4496,28799.401850013994,233940,0.027333080366208247,7003,4.59677437767752,160.09028538420807,44.327588557290454,7,1
4497,34945.9264647382,437378,0.042986005931323165,19709,1.8012849636233272,122.67346527733525,15.975948059625544,7,3
4498,43400.49390733362,718404,0.039806225268211703,28793,1.5098850630668739,140.48783715381538,22.33103234644707,7,3
4499,34013.564904313345,518359,0.03935394744676521,18762,1.3558082833229186,415.52094882004155,84.78174857962787,4,0
4500,28736.93889565711,317406,0.029745731872610447,10746,3.1495127778683787,101.3231994081109,42.692483545102704,6,1
4501,26179.067697977473,180246,0.031236537447595428,6472,4.2582710313171726,109.52044150327401,33.675094358524504,5,1
4502,8258.19694216148,58616,0.01764880726930933,970,8.910187863675128,380.11785089459215,33.66501648763968,2,2
4503,41399.173274606364,431946,0.043160797147921266,16707,2.0552297848650753,355.81898978837035,71.10579744998037,3,0
4504,41706.700570606445,450340,0.04248590920198023,16442,2.0474604596660226,371.3332112687317,94.79735467264128,3,0
4505,33265.76974568737,558352,0.03995179998962531,22823,1.448607248901933,113.36060051065601,27.789016837616337,8,3
4506,8642.928826033436,10734,0.024150763598324822,249,37.05208343107761,479.4197804525462,43.602936269358814,2,2
4507,10311.72341104396,75512,0.02010914909397804,1408,8.227787856715596,544.2953535694653,33.501298339422384,2,2
4508,32926.86989012286,497360,0.042801634861617255,22292,1.398935536263008,101.09126734958991,19.891321593228334,7,3
4509,40795.60316635991,577336,0.03710397291927789,22686,1.7388555462550597,159.8124893177394,28.53551385301077,6,3
4510,8800.176876478223,34835,0.021051871233517983,708,12.536252907540945,459.63237158120563,35.70607030915922,1,2
4511,44240.31366390571,430435,0.040392569705324254,15466,2.494149736107937,413.033775396811,62.41438597619575,3,0
4512,36801.33018279756,412000,0.03855623282831935,14061,2.1753472654424977,378.64539518570723,79.9737224078025,2,0
4513,30879.792983616375,190657,0.032604398659080866,7160,4.957225403516276,221.242826271953,50.526146723856954,5,1
4514,41102.011169326586,554955,0.037990166979778486,21904,1.8530319098973984,41.924123590027314,21.796376516018093,6,3
4515,8898.659478720358,48130,0.02415458899722867,1127,8.295127207800144,433.35836384523617,34.314407154735996,3,2
4516,39693.245435042816,458194,0.04754929913419395,19199,1.682873207432671,389.8579290324492,66.90257351282828,3,0
4517,32945.937652968416,334978,0.027850399306170406,10301,3.5878263038082947,130.34723936700112,39.10674767866319,6,1
4518,31218.415073728873,227653,0.028037575843279185,7195,5.178660740673027,146.51723979807429,18.425990085091893,6,1
4519,39778.62975942372,621627,0.04165673144436256,27056,1.5261515197677495,114.75036010434727,32.040568038491266,6,3
4520,41783.83592060113,640655,0.036901666762705995,24183,1.7230336128454227,158.95843685959554,25.808354625835307,7,3
4521,9067.755784630195,46803,0.021653964734298307,945,9.945759655328342,502.8841061471139,45.363512222832384,3,2
4522,29137.764852388205,234359,0.026710358572507482,7031,4.818222628476354,150.2360087207567,25.294169131044875,6,1
4523,9952.206796332695,34608,0.019921936291905133,621,17.31168519795952,441.1475964283953,31.888308968683937,2,2
4524,29680.0825379501,277928,0.028543025580437857,8655,4.161085419091773,205.04746426530457,22.636879579422846,6,1
4525,35445.70990032869,567089,0.04086866863903405,24116,1.5912730434424165,104.71311257589755,20.533537143090292,8,3
4526,26124.159099820896,270381,0.025621881848830255,7807,3.883330147618212,114.51723921500066,55.76343551418654,7,1
4527,44591.88759371668,580754,0.04084042648873198,24991,1.8274906498297956,118.56424539480821,28.913090059269177,7,3
4528,34624.65978848651,484884,0.04026746798045621,19252,1.9832077919051108,146.26436123003728,15.836687210972977,7,3
4529,34996.08645989141,349666,0.04335384007055919,13316,2.341021699816755,359.38268924843413,82.33321879182533,3,0
4530,10089.639938850181,28094,0.02110217982635428,555,19.572102221018383,483.7019431580694,28.383094181191804,2,2
4531,43106.755468875046,544916,0.041793524739589735,24235,1.7575235425763123,224.33398283382675,20.67369065955444,7,3
4532,42075.83674454312,546800,0.04303791440499008,24958,1.6881236259786567,144.8364986990108,4.18462011181524,8,3
4533,26384.653114106608,213972,0.02758934147093297,6692,4.52947404634315,224.1596193603047,40.1410259570222,5,1
4534,36625.864657348735,561044,0.04184416833353021,24091,1.4806729942638646,147.00198431339527,30.055334514980064,7,3
4535,38792.42521076763,396765,0.04014542631817992,14137,2.553376303689842,386.7413127859206,84.1273987431493,4,0
4536,35268.611788432354,395846,0.04198042476283973,14867,2.0554362839912543,377.2996520051718,76.17267512401956,3,0
4537,39731.16929516418,657494,0.03842210661189658,26004,1.5602029594625435,122.9601567578137,23.264247124534425,7,3
4538,38432.12902437373,562921,0.04552756933756721,26716,1.378276414149695,99.19510930830236,29.041169591714006,8,3
4539,39876.60749279752,497521,0.0434064875265198,18549,1.850788889595388,294.4829968450406,76.1142860085902,3,0
4540,41913.63942861481,436433,0.044176438871609505,17423,2.1131231913722144,383.2547476214734,69.51816772168726,4,0
4541,36179.254207270234,450678,0.04136140188657338,16993,1.7127027093266314,386.7438670479672,77.47827629177483,3,0
4542,46270.87163438581,505581,0.040239266267992416,17408,2.312997316742886,408.09771237743144,72.61453779504225,3,0
4543,8592.723430567115,37458,0.018382796795147063,676,12.880625797976295,423.1547513586401,23.155420533587307,3,2
4544,42871.460412103384,447597,0.039943695106764036,15590,2.282459691925221,416.5818848579253,76.93643024061896,2,0
4545,40470.11621723272,491857,0.03700337403123024,18719,2.1640112459268455,158.35387227180223,26.227509395159505,7,3
4546,37263.27292147691,459492,0.04156416813799229,20049,2.056234885563332,154.28866525609672,18.084408605341384,6,3
4547,5896.536222997462,33410,0.022922608545965416,713,8.01155430663965,517.5012817533288,36.26966005906074,2,2
4548,35953.98274897215,529604,0.0443735574209736,23669,1.5642949769347092,94.48526083494171,26.544223254020483,8,3
4549,5765.9440873253925,39625,0.0213545624885799,758,8.67230574003931,481.0412083356448,19.184918293747554,2,2
4550,39308.79368302806,343718,0.04210455312964242,12847,2.2919342496514994,422.149730713509,72.66393224349987,3,0
4551,35239.54401250318,395834,0.043129830242484915,15619,1.8370332502782618,407.3613374312372,80.8452819455118,4,0
4552,11348.088698696245,79184,0.01986639183431194,1470,7.678918484983941,424.34921368178385,40.46516682228021,3,2
4553,43455.57330991695,589178,0.04353383162332972,27194,1.6557300892069535,147.91185726573954,20.548421418573437,8,3
4554,39465.78805130879,428364,0.041627317261504544,16035,1.9980102290832642,372.31706269351304,87.97878792628315,2,0
4555,29790.58589474098,231027,0.02594867815583704,6598,4.950524822910347,157.39734665744984,44.53789134741009,7,1
4556,24904.467682161398,214602,0.027724256762242716,6632,4.60929020296457,131.6610945118353,52.1824923598524,6,1
4557,8881.174700626332,39163,0.019322012529780323,716,14.12440727392601,459.15559831984484,18.647124505098528,3,2
4558,9891.936069913181,35362,0.020287462270266482,646,15.450292301275557,443.96291707233496,37.089957946076716,1,2
4559,32779.96833191738,267658,0.026771417725721024,7956,4.436475477511282,189.68736129618384,28.487167513213272,5,1
4560,40731.5782284638,769124,0.0406519059457938,30664,1.3502253936276838,109.04120815814578,15.234819843052424,7,3
4561,37169.4553652808,610193,0.04178887890372137,25362,1.6130000018605586,125.7407751094058,30.380381637637406,8,3
4562,9789.061002023465,49732,0.025245909991814666,1245,7.822414091722378,480.15976652729347,12.832463428718158,2,2
4563,40152.58713436025,561829,0.03922463048942793,22528,1.764270060446373,256.4657724687687,37.199795766477806,6,3
4564,36039.77254530431,608496,0.038142001034246684,23702,1.4767797427539495,149.70078780112007,23.916202669442445,7,3
4565,40907.52112812982,649093,0.043913292766344966,28429,1.506502876990158,112.99247549480484,28.395021123442955,7,3
4566,7588.298820042334,42705,0.019000609638848913,754,11.055342847122526,492.5451837694433,33.16032791603716,3,2
4567,37704.04557229347,420595,0.04551149107100955,16318,1.8607263586162024,411.93739753460943,65.30201210313253,2,0
4568,39502.1490530149,521659,0.04531256380447156,24549,1.7104331599641416,125.6757968891588,37.36586948816548,8,3
4569,38905.06247168629,448167,0.04244406844783665,16953,1.947252869413284,343.45858068111056,79.4522335891911,3,0
4570,39626.58566438992,574992,0.03750479827268096,22034,1.911917063626162,109.2308561163067,36.01268478970721,6,3
4571,38950.91109387948,415728,0.03695273506321228,13647,2.534422191954278,391.35435713922794,71.8653420068965,4,0
4572,7983.666252267016,44222,0.018787730443690122,748,11.344641771018747,524.7031771026011,31.31917324910293,1,2
4573,37327.89426214562,411176,0.04088174656894942,15221,2.198710467086441,395.27618138207134,75.501709529321,4,0
4574,7969.370974942945,24268,0.018907525483283696,447,19.757105355784805,485.80850165104437,43.01308835210394,3,2
4575,32633.6072264396,290047,0.024371056236794076,7639,5.323211360878073,91.98377853859179,31.106231446513643,7,1
4576,10357.878715436984,58167,0.02218316961266882,1258,8.902611277855264,458.5963656202984,32.19157993824507,1,2
4577,29887.195269801672,226492,0.02933238352473448,7633,4.096847243164602,176.4539313171269,30.84717279291136,6,1
4578,8552.176615054384,41725,0.02098921281430162,845,10.745870524037432,486.6762390312202,46.119700804185214,3,2
4579,8858.88095175926,48556,0.02059665294155024,933,10.454613275421998,496.316931312798,28.20437512380239,3,2
4580,42043.42339842425,485716,0.04093227394831482,20678,2.1136407854737334,155.70315454466044,7.665883998332967,6,3
4581,37733.409393203314,410630,0.0436466723238032,15625,1.9388672429749616,336.36305111507295,85.63287650469236,3,0
4582,37320.72252821465,592502,0.04306216711072381,26278,1.3410788019690405,183.24484426736535,24.69480087211493,8,3
4583,36936.5897219325,371445,0.03957275838980321,13068,2.3474430018638826,396.8134079549785,64.89512387042268,3,0
4584,27598.345502328186,269934,0.02994317418452728,9006,3.6763119701946243,193.1400612267743,47.30227619353991,6,1
4585,40250.35131160586,392228,0.04343627417102428,15009,2.1319970336805794,417.2809778076824,76.52456051310045,3,0
4586,36812.79989175421,440784,0.0406300208879763,16131,1.958892854602355,307.96052193631294,68.18140672891022,4,0
4587,36207.84295985537,455064,0.04632554406011063,18362,1.716235336548845,413.80877885021056,77.0890877338702,1,0
4588,32392.452193488152,263930,0.025202289733489307,7679,4.906085763699199,82.1977643574134,27.935792033334295,6,1
4589,41074.98086395417,596576,0.03810366351373346,23284,1.6872700997133365,83.25881911914935,11.781662243692569,7,3
4590,39346.75734276901,578612,0.04087419052582116,23375,1.7008675499336217,159.38240099813157,22.953604013938595,6,3
4591,37458.501839311364,496905,0.04179595600334415,18036,1.782004336593427,368.4210581024517,76.54746249506007,3,0
4592,44422.6287845643,455585,0.04082556938122706,16354,2.2976650598116115,410.74523306735557,80.22480183283508,2,0
4593,34612.78622651971,523941,0.03854914979573229,20465,1.822168507990138,124.15432949903699,23.41279076522097,8,3
4594,42264.497206459666,508433,0.03619903308276638,15954,2.1560880724669627,448.49641899779414,75.75167522258982,3,0
4595,36636.0280883773,405572,0.043201477982253815,16301,1.7458330789338208,375.5736286206798,79.54135596127081,3,0
4596,17355.693417030627,43051,0.02150043105083445,914,19.314409152253475,430.4701182564005,19.401878763200596,2,2
4597,11537.976835128018,58589,0.01873608663040159,1039,12.086911531546523,486.97539352091314,23.631497070720616,2,2
4598,5320.644708479666,27169,0.023745451879438904,627,9.162269614970631,464.06483346693125,27.033698807279844,1,2
4599,10099.634997181818,33585,0.02125690333929735,670,15.86325345843332,469.9674967063832,27.064745611620804,1,2
4600,9482.985675424885,53846,0.02187532783652284,1101,9.22469111078995,460.50590035587396,29.8276228341324,3,2
4601,9566.416638619245,52638,0.021705297945772525,1085,9.518943717702419,502.32094294575506,44.528345032235876,2,2
4602,35061.39117927859,573874,0.04387642896343053,26041,1.3590195814701649,156.41620673940437,17.082895987751606,6,3
4603,42020.214658252225,593106,0.03897030357225674,24054,1.8839483577401352,88.03552965657545,16.775613764275576,7,3
4604,12080.05575550629,40096,0.016924497322064386,653,19.567659093729933,467.04824535634987,34.49772764407887,2,2
4605,30937.68309924621,275453,0.027847300889508694,8644,3.9934016732410016,191.67719859002096,41.79026794435785,7,1
4606,26230.790865427465,142137,0.02629376003634752,4051,7.318561250290487,139.79392032301544,30.75868674408807,6,1
4607,10430.128138464745,27442,0.01917686338657075,481,21.943844985879696,502.1214493783487,21.108774562151638,2,2
4608,42477.2245277414,667966,0.04042209210598858,27478,1.5192743040547716,97.83673321587476,13.282883474510946,6,3
4609,38940.441110263,449171,0.042316180291671085,16830,2.0579681463322808,397.0479178104823,73.7937061768686,3,0
4610,7973.01882994448,28342,0.018588251184519653,492,16.784459524600717,434.2103639599753,36.3105417149654,2,2
4611,6854.036218664117,50472,0.019265436309890936,934,8.43585165959097,468.2684343754673,37.207988469022865,3,2
4612,38490.205837358124,442863,0.04394965787755152,16966,1.9410175680177513,382.2160333159557,74.94344813350514,3,0
4613,40798.11623314547,547917,0.03737599753471939,21508,1.942415602039813,204.4745597635304,19.30938892618935,8,3
4614,38123.79132368733,444028,0.03921164716360591,17303,2.2766172032119587,114.22527133718378,40.114483588523484,7,3
4615,42069.341612167664,533865,0.03899242686309989,21866,1.8669722558232669,110.25115150037267,40.114879619195754,10,3
4616,7006.19462570377,22701,0.020983354904861796,450,15.894624479419289,537.6422366217578,25.926137335936673,1,2
4617,8415.61354763994,48044,0.020318761250055353,919,9.54596056216414,487.1978527531611,24.58583955383956,4,2
4618,28507.850364430764,250119,0.027384490089801525,7717,4.166822850262472,181.617207626802,38.059464579735376,6,1
4619,41080.199908190305,475832,0.04160452236030034,17807,2.061550388446734,452.3125133839665,74.75419768766287,2,0
4620,9990.337323373782,44212,0.0233790233305081,991,10.240499985608334,461.5599405305011,24.23106981456573,1,2
4621,41943.99902245413,711340,0.03660734128276567,27414,1.5032900297004075,100.0514229193189,22.127467173829764,6,3
4622,44017.871230219054,663064,0.0434143197130457,29067,1.4052795853391349,132.76841920213775,28.67435581108215,7,3
4623,37629.35228560957,405820,0.04235502190421033,15013,2.2914588544450227,377.88511489258394,74.58486724646976,4,0
4624,11504.696535646104,77869,0.020474597629779146,1467,8.796477681824829,372.3469368440107,28.554213491700203,3,2
4625,36357.02661697158,611137,0.040962251725242836,25296,1.430461422454384,154.93626998612248,37.29007646169181,7,3
4626,34327.79176119575,262839,0.028025253357225333,8353,4.500414350519695,190.35363530838993,34.18065765687796,6,1
4627,39522.483109936955,480485,0.03754252774165208,17779,2.426070700310141,113.3859683686887,29.07650791202181,8,3
4628,40434.392146384685,646686,0.03847765341497261,24953,1.5776746446339966,99.94566634713378,23.752453009178737,7,3
4629,39896.31747183666,448044,0.04303009913136416,16830,1.9189784511191885,343.90202917935187,76.89293346951315,3,0
4630,11657.256578280316,60772,0.018057721907243043,1044,11.754963867483587,476.9161829700317,25.553694581953618,1,2
4631,38620.11098267491,356205,0.04413367565783194,13448,2.4611718010752552,436.75592565587783,68.51561375111079,3,0
4632,38730.12729716449,517613,0.03778636881696084,19631,1.8890003378154174,90.41121930912816,41.69215267963797,7,3
4633,37673.78271153636,348273,0.04063579528380635,12455,2.570339900054065,407.0203749963185,59.418857078531914,3,0
4634,39251.534403289355,413236,0.04030636302731783,14483,2.2418168323760455,371.15540646285,73.782778716689,2,0
4635,37516.763121480064,459756,0.03954653944294684,18749,1.9580260343419544,103.30254622160821,28.366249754057733,7,3
4636,10606.256011629832,73844,0.014191990227793008,1020,10.769762211530312,480.5348071269468,25.50513917409056,2,2
4637,38540.01700689556,357926,0.04699537459967368,14717,2.3304766138681767,314.61525087657054,75.6791055713274,4,0
4638,34740.41112446054,338181,0.046248376237645404,14076,2.11087421375839,424.33762117345464,73.5891095354098,2,0
4639,43339.465377072054,659337,0.039731398392454105,27413,1.681399052308965,169.68003781079747,38.227614302621106,6,3
4640,28658.37765756491,264445,0.028355757278390112,8739,3.6618818615036606,205.86487444416213,49.40664597677551,6,1
4641,27876.475542583856,157936,0.02483234982655054,4296,7.464733821564124,99.27612637396243,31.996281906811173,6,1
4642,38128.639675506485,598645,0.03767677779411729,23224,1.6890093078271418,61.151117150150405,36.40010561620184,7,3
4643,7420.822940387956,21208,0.019089088128074406,364,22.337963667559755,419.4997885191416,37.280107782496245,2,2
4644,27794.9626085782,208814,0.02285248883184117,5108,6.337473539213316,182.80307510270265,39.91707468598757,6,1
4645,38202.05074376015,637556,0.04215570388216576,28169,1.404276833375303,97.52150867562729,31.07346235249034,6,3
4646,27206.87365446026,268125,0.028677954557050064,8708,3.7647297974471314,230.61208640766657,34.5913277731928,7,1
4647,41142.60731608749,427623,0.043491571694868156,16767,2.0956999927862343,371.127629530868,78.8917933215015,2,0
4648,37784.70641015882,583749,0.04297352693142802,25602,1.5469056981484475,188.52126502372266,22.64250421214194,8,3
4649,6156.850126480772,31040,0.01929175857659942,538,12.398592700011394,457.52121696038205,25.904339710378927,2,2
4650,36030.48159919956,266814,0.0367072193304391,10762,3.969352445484625,133.82061077091598,52.37251916223937,6,1
4651,40909.440380332446,529461,0.03902860440147893,21643,1.8365431863215071,176.6711185850914,15.865789029356451,8,3
4652,38386.2188000572,454984,0.04182244714348039,16721,1.957829279262444,387.1901010333791,77.27902669585869,3,0
4653,39150.46067829867,442164,0.04349058212039217,16903,1.9930296872452506,398.2354443947487,81.29519793955356,2,0
4654,33365.89511000663,219495,0.023774371358523415,5842,6.728290176558892,154.51708518198302,38.091245158430986,6,1
4655,39287.91286245437,658124,0.03873764405140658,26772,1.4922448189309427,150.6457484665801,33.68284975089353,7,3
4656,37533.300264613434,508382,0.04286883524713334,19781,1.6413397847087032,312.9814386009833,86.19785296325368,2,0
4657,8088.955287674864,63277,0.02272025321675354,1420,5.907088392139944,422.04205592565586,31.25987367637323,2,2
4658,39750.89471680536,617964,0.04326876161798903,27777,1.3961938641156084,129.49123196081416,24.40868327705764,7,3
4659,25000.87477929165,235809,0.027557462855941996,7263,4.0315426367545255,178.01424538072354,26.421813941651145,7,1
4660,6633.985284833012,23483,0.021240883120984037,468,16.216433845631805,466.1644253612294,28.05699549925879,3,2
4661,9848.63178780109,63994,0.020178837154255183,1217,8.563304579192536,398.6318232077262,27.395278393207917,3,2
4662,31863.01518338473,275373,0.029607537552296607,9225,4.102710933611957,144.62290720259887,36.982152433901355,6,1
4663,39943.406426184265,384004,0.04201786959010253,14094,2.2673279210539627,346.0571621518662,74.25666334200002,3,0
4664,41859.13178502491,730270,0.04168823404043631,31284,1.3664063075577892,71.66724914274221,30.436709677549445,7,3
4665,34541.584158961996,466661,0.040564750333587786,20189,1.8955591115692734,116.35685601309463,37.96413433687465,6,3
4666,14205.82094348259,81901,0.02017226977489788,1513,9.601890350398707,456.3751407241059,40.44083516233178,2,2
4667,13008.143532316324,57169,0.027317868049332533,1494,10.063154969464874,431.5178141773059,23.362955882971846,2,2
4668,16014.700105375368,77937,0.019731372304516118,1426,12.68779413318332,441.3672790532725,38.83018982023226,2,2
4669,35706.1424404577,423978,0.04290533578968133,16395,1.7660339837872023,404.41724350226804,81.0373515742152,2,0
4670,11721.413237139257,84609,0.021713554092616057,1695,7.436432136450747,382.81831173221576,27.234273049535705,2,2
4671,13517.421362238661,55920,0.019917838543690173,1006,13.549955454264095,480.29757278964433,1.9857860779699255,2,2
4672,37538.66498029395,564087,0.03910455193159364,23544,1.6317631766449887,140.28940763491718,25.496975185858496,7,3
4673,40709.50525692319,609839,0.04433597526390873,27282,1.5217610233244143,228.92500388972647,26.187574142478358,8,3
4674,33499.935461253124,256911,0.025469215960693216,7338,5.3967096491927595,246.60925464152533,53.93621179052961,6,1
4675,36496.66679181717,444173,0.040593293359507364,15782,2.0437803373879566,407.18825680011975,62.3554567626605,3,0
4676,24504.667654694033,223203,0.026130451018127374,6544,4.385596806269504,157.1973116347285,41.20324787789985,6,1
4677,41690.95650420693,629688,0.042797361541430795,26471,1.5640427344886254,79.46382403078918,3.6339879449289376,7,3
4678,43966.92775683632,614824,0.04008183406280819,24748,1.8354528195478164,107.0973237811759,25.92716451493579,7,3
4679,41012.36030186364,551514,0.041640688944796986,23888,1.6028287966373767,141.09642942202163,30.391990614566268,7,3
4680,27722.188958276354,262415,0.029887907317596003,8903,3.8098245351295956,133.4862227131893,48.40965582025526,6,1
4681,42984.59325126158,415247,0.04087229278901553,14702,2.491838056816529,376.3866928985801,72.264895579168,2,0
4682,36932.7922230621,612280,0.04339149733886588,26305,1.4623839380836734,96.52123904038064,32.46861366970559,8,3
4683,42367.28947830573,495677,0.03871920459473997,17379,2.1600585090612117,358.1458567118428,87.91697173768395,2,0
4684,32641.584962963025,287921,0.028836123192311332,9327,4.172114163935703,139.94884399990235,42.929942689096464,7,1
4685,36396.304727300885,578753,0.04133762010645458,24625,1.4239194818553365,84.28144346142093,27.946850735736632,6,3
4686,37877.90675582725,405968,0.041123103569023184,14832,2.1301194591239696,352.22074103480224,92.76935854479385,3,0
4687,26688.532192359216,256507,0.028745268238674793,8134,3.836417329720987,176.42363167114303,33.44909210469195,6,1
4688,38869.53464062411,358180,0.042264715702321945,13381,2.1664259503226257,369.1039271755488,72.34098546412804,4,0
4689,8553.249136406434,33209,0.013340105630077103,410,22.16615888965011,434.9144969327648,51.96514359123672,3,2
4690,22330.570770225313,163898,0.02275153634682614,4089,6.226287850333003,217.1528387136405,36.16132157385577,5,1
4691,10838.1182443054,75186,0.023384679438930266,1678,6.7577174946886265,529.2682753442052,36.60919040980291,3,2
4692,11321.051792262497,84494,0.024725265141400856,1993,5.800986291634204,496.35451024445894,34.05368486378626,2,2
4693,10372.946053588648,45466,0.02259846650218986,991,10.62682918773107,485.78471978227776,25.13097335128051,2,2
4694,39234.9505812018,518160,0.04268819737379146,22912,1.6188618921835716,162.31716203191363,28.308697427392904,6,3
4695,15535.772323939467,62268,0.020201008915233555,1151,15.164128838938476,454.3189060935933,20.2717728573939,2,2
4696,6154.754794075476,34416,0.02612390956923759,828,8.394670669936371,516.015397677842,42.447978342770895,3,2
4697,39698.59742756323,374330,0.03603556776626749,11604,2.7032163539584513,417.42733597199845,84.32308024556502,4,0
4698,9649.91917296512,31734,0.020459175106493713,636,15.738558800486729,481.0022364975185,34.829745679809946,2,2
4699,28039.60156043184,213600,0.030189265623685548,7097,4.485866102882048,237.67167533487478,42.021911214791665,6,1
4700,31193.59936878197,185190,0.025907012736224366,5247,7.055326462839492,180.51220598106298,33.61090432312698,6,1
4701,37360.32146017041,524055,0.04048628013491918,22038,1.8141222063907205,75.16235826902012,41.153142335497364,7,3
4702,7616.141991393992,49880,0.01695832028160177,773,10.56606532070437,444.70197752282587,24.969449555090055,2,2
4703,13595.251511923872,60585,0.02033063860011955,1150,13.559248256773339,442.0493827363751,32.23269857791133,2,2
4704,33562.68487768857,405498,0.042395856432439434,15176,1.82902162861673,414.7662980656863,89.20114114001794,3,0
4705,4053.289497555004,19889,0.021364907302291375,402,11.34263298253683,465.4742309763492,31.520687083786715,2,2
4706,32196.509702203308,213489,0.02564019983942746,5988,6.092204978418067,159.73975835983362,36.462447569597096,5,1
4707,13069.91049620384,31246,0.022295261147225028,642,21.662649583929074,478.79783303342725,29.67684394708528,3,2
4708,37584.172012280185,377469,0.04443439554795998,15416,1.998087780497679,379.7038145160536,69.62236682742792,3,0
4709,26634.50838207919,183386,0.026993558373948318,5388,5.518702356334286,128.8899126028591,54.59746224463786,6,1
4710,7068.388528724079,36099,0.020454962486363075,694,10.73361487960822,463.6752473403982,11.909605346909588,3,2
4711,10982.88647979013,42757,0.01745360184230372,678,17.4151719690379,526.3750715877469,28.584328137686697,2,2
4712,10868.694038550348,29529,0.019333975474233142,548,21.359357042671135,393.83790087855226,24.80124345739505,2,2
4713,44142.34948543102,571220,0.03898379977842519,22751,1.882113232430536,201.97458622148423,16.38090123756409,6,3
4714,5747.04793250489,12107,0.021277984009294645,243,25.0834750679814,481.34715223398393,26.51518358675765,1,2
4715,35909.74861037234,519777,0.04082023488194867,18646,1.6537373601450973,393.3280868957512,76.46448835031917,3,0
4716,15110.126516731214,77447,0.018162098239693246,1334,12.600353446238719,468.53051505764375,31.407763261144368,2,2
4717,42013.1029717928,584393,0.0410005143679494,25519,1.7148789774962545,145.5191749709383,15.224450376597298,6,3
4718,3920.4974954936088,16580,0.01814751162120519,294,13.867589064274375,464.09541382925084,26.141148145407357,2,2
4719,38715.60080638366,442486,0.043024727310183905,17787,1.864057982701174,435.4024205667923,66.3692555147299,3,0
4720,25748.517346361947,213813,0.025776012882999064,6316,4.809611230014265,164.96814825584408,46.09351438628918,7,1
4721,42505.524585009545,685346,0.04065823885773142,29879,1.5029371151456157,187.8220845385558,38.16852991472361,7,3
4722,41882.77922580721,626643,0.037540359070167256,23585,1.797652142796331,98.60757619827368,40.12111774279805,7,3
4723,8629.082802473007,50679,0.02117022801350666,1010,10.070224153199135,521.2123493179658,30.361022520433927,2,2
4724,43692.9202609291,697436,0.0430738496162868,30548,1.4148489272474833,154.19022578074947,18.50430995553272,6,3
4725,28827.707295829536,271027,0.029125855139109327,8443,4.008020883034269,121.67773380664393,37.0354625856505,5,1
4726,11905.009355357779,69537,0.016045477736516132,1087,11.590678487263183,486.14432622071564,49.66823729101476,2,2
4727,7543.687585387002,28125,0.020243797866052196,518,16.506565359382737,444.6004268520414,23.731100501120398,2,2
4728,27053.924786329433,286824,0.02210466042097021,7289,4.202278204314188,155.68648286833997,36.163251230265956,6,1
4729,30617.718538906513,210034,0.02613871120629415,6224,5.708578376449372,241.99268945971193,33.03337456170324,7,1
4730,38766.038156309114,339061,0.04148584760486372,12547,2.8089863919130527,357.9818933031679,71.31485369188016,3,0
4731,40101.07090083399,527134,0.04754046811624657,25103,1.5664003895006522,119.78780024248854,27.935974791269548,7,3
4732,12465.650549847309,36893,0.019064008601285085,643,20.944872855559733,369.3448850106258,14.867175326162494,2,2
4733,12233.648987606291,72977,0.017334635048699695,1191,10.728715705700804,454.66094362663483,20.55619848777639,2,2
4734,7461.034556698328,46226,0.018908012792917234,842,9.295871725153118,473.0182169287859,28.704636844960476,2,2
4735,9938.132198466963,45266,0.016018657561853774,694,15.540215347287042,478.4237214048252,30.283018706033182,3,2
4736,38749.28557203452,479477,0.0353026871731646,15230,2.183970261688709,385.7264107156498,72.49356265686235,3,0
4737,30119.357744140765,322181,0.03280723644749063,11672,3.0314306968207028,188.36116634492313,44.872815991625906,5,1
4738,39957.69054974735,372750,0.041978740716442114,14444,2.28148146685287,343.059600385934,67.78730964946729,2,0
4739,42724.236828118715,696220,0.04482122973849832,32001,1.3692271600382169,59.56536106198992,18.431491149443595,8,3
4740,28140.351262058954,247484,0.03084015212000999,8288,3.95112202401523,203.37699538521733,49.80667465295892,5,1
4741,39717.473943778474,390915,0.03985291149494865,13637,2.2034963355002675,375.5458436524447,71.91336523388642,4,0
4742,38188.86155586539,321171,0.04424873690360292,12861,2.4096589309951613,326.98113685370265,72.63164195625336,3,0
4743,35236.36053899848,423346,0.03731074081883455,14144,2.0803794622113285,449.4022358945801,79.83484679247069,5,0
4744,39900.95676244797,663393,0.039048525185364044,27490,1.4606824767445,106.38406556206759,16.734958860272215,7,3
4745,28289.686856697932,252463,0.03033700334193848,8774,3.5822200907175086,180.44298348188494,47.80691715752715,6,1
4746,38368.27708290647,573177,0.04063125016415821,25086,1.5796140657842972,98.81415856506517,22.562513742903896,7,3
4747,34803.42633480139,468909,0.04175630485727217,20150,1.753016664420889,157.7583499665613,32.383014765484724,6,3
4748,36625.79745563662,326967,0.04076874926569999,11803,2.330562156093822,462.5174306622013,82.06283755684558,3,0
4749,10156.587206422982,56164,0.01952092792381054,1016,10.327898214433397,424.6415759506323,21.807850184393217,2,2
4750,13268.279222230112,40658,0.019373836601082245,760,19.92749598494079,515.3727077450851,34.002073015608644,2,2
4751,39489.846599097866,449820,0.0402234705890527,17902,2.4901058139506675,151.5322300576024,31.40565872617923,7,3
4752,9100.529003602975,39651,0.02178403543064047,793,13.0314777923805,415.7340629012041,33.482528101753026,3,2
4753,33686.6161959272,339130,0.04537410397493852,13648,1.8833629626400927,411.2861905753487,57.03111182054519,3,0
4754,25214.408207729375,251300,0.02727637069337671,7847,3.871576407786687,156.95780291723455,33.771536740070054,6,1
4755,40129.123727246384,464573,0.03800733848475347,14849,2.231736769698215,390.85424417866153,91.73716670865153,1,0
4756,24177.78222453479,202543,0.030194670994069542,7020,3.9072864437261403,221.64578974502894,37.52721419262872,5,1
4757,41192.61809199826,664358,0.03975689542363835,27731,1.3616130677683689,143.79035178248787,23.144101658116256,6,3
4758,45618.23973341379,786790,0.03999190969472876,32912,1.3690798122054157,94.81900721383847,27.4503834348723,7,3
4759,38413.43645978126,408552,0.042204826059246574,15597,2.0246742695649065,341.85093492943514,79.64070397958338,2,0
4760,29349.670196944022,151864,0.02566069971904751,4398,7.858643290948907,101.29562414515452,40.256280550868695,6,1
4761,40698.59925824738,670559,0.04023050802433788,28651,1.496122888904501,166.19074908962494,13.17063473645642,8,3
4762,14831.176486557355,45057,0.022057902222892563,943,17.29289098550633,467.2061595287584,33.694085322872056,3,2
4763,8890.630200999534,38371,0.01982934480334772,741,12.233259385297158,459.2874576379715,33.065885625745636,3,2
4764,38074.912895963746,648675,0.037895154255528016,25107,1.4978200316600871,151.4448731406717,25.74157481272472,6,3
4765,28320.867634786453,203955,0.03200810479915344,7362,4.55320845993269,212.05760144174718,52.36117458816709,5,1
4766,40891.85321844163,421734,0.04168770759456419,15458,2.201810082858277,358.7869665083772,53.98610945006769,3,0
4767,40564.25200792314,404149,0.039750226904277056,14754,2.153060813546317,384.9730773531215,73.35058205542649,3,0
4768,37980.8851976214,435578,0.044838099148793414,17580,1.7824871448699982,449.0106989329181,90.76331047615093,3,0
4769,42215.05555930343,357898,0.04286552226173466,14158,2.3920214625233105,418.4012236405302,66.55635862181914,4,0
4770,12364.867583073954,40384,0.02245053539076451,824,16.082259191700405,422.28509893131553,48.73038994836922,3,2
4771,7201.543296743484,43399,0.018387551989401445,718,10.2909094634137,498.3225955368257,23.159066524870358,2,2
4772,38867.858671919035,596472,0.037932319258113405,22796,1.7190015150636888,59.068175788993514,11.289020835951504,8,3
4773,33189.99012478002,350553,0.021552073053931586,8399,4.712746057061704,146.9108352579593,43.03895266580481,5,1
4774,42929.34958544833,394106,0.04108412331938251,14212,2.6395470129213394,450.5844924095116,90.33722919436293,2,0
4775,40610.01914181632,516106,0.043560075148290196,20755,1.61069310058711,345.94711960062176,77.61567342086573,2,0
4776,40916.1588081485,576147,0.03711791080171884,22293,1.9392684971422658,143.3475248077045,30.457971478349172,6,3
4777,41017.671698737846,611450,0.03990036737913898,25249,1.7069142538735986,131.9899823526484,34.86587652780017,7,3
4778,24319.92240728753,118306,0.02887747369842074,3734,7.678719558810976,216.17619024122536,36.53153224510694,5,1
4779,40658.917598272135,685174,0.03736055747668439,25844,1.697592191776135,98.20789751438419,19.07549918795981,9,3
4780,41811.00304871527,703159,0.04274421529544746,30491,1.4107939078590537,131.0144251686787,29.46038340131575,6,3
4781,29035.199905591588,218884,0.030435159626620453,7112,4.480394649538379,96.24427228550577,38.44907381396571,7,1
4782,38363.47308558909,530839,0.04289748474157468,20721,1.5182205133101958,352.90244953299407,77.08446952059312,3,0
4783,34858.322913562304,430994,0.045505172001751186,16681,1.633208956205017,399.7707204628088,82.59104905373083,3,0
4784,42652.30666817172,595020,0.04057195080872693,25189,1.542882360845144,206.66385107364937,24.83530845721265,7,3
4785,38305.373398840136,537081,0.039019238861274314,21873,1.6994489989337307,38.41066111211798,24.34880047332974,7,3
4786,30237.265932473267,292045,0.021436690568905722,7036,4.990827137485825,43.68855184515886,44.99827349650756,6,1
4787,26863.929416747167,135610,0.023209475508931897,3578,8.877410735951656,173.32337710165882,46.33560038548264,6,1
4788,11423.77010143988,43346,0.020450454010103022,834,15.265553705163311,521.6362113006473,30.82243233519794,2,2
4789,35687.100993042455,573389,0.04085037343245339,24237,1.4847105487378325,159.83708640694402,24.229988336561224,8,3
4790,37651.720550910584,562979,0.04114464125483476,23842,1.4560223168970172,129.7287615847483,11.692748880583089,7,3
4791,9353.275237054577,60462,0.021763386879415317,1224,7.659692926473196,499.66826315717077,47.88954299991347,3,2
4792,41230.72644463603,448633,0.03915157460824891,15516,2.1368869322586734,323.6024875112179,71.8197363820243,3,0
4793,10145.856435542983,41178,0.019567976689017944,789,13.17632798041647,443.386125687892,31.95469682197866,3,2
4794,41698.771944163644,452193,0.04201367252759734,17094,2.021160951948714,373.50673940944574,85.65936439176917,3,0
4795,40328.40646601446,550353,0.040239393172556995,23240,1.7621313388128832,117.75168826803412,16.832321917007807,7,3
4796,10252.443094665516,63828,0.020785834003674383,1218,8.696453131045667,389.41219953818717,33.85281037221245,2,2
4797,42334.772230111696,359684,0.04141471162653445,13140,2.7499383842909544,347.77219768849983,79.37911576591658,2,0
4798,8694.587845180262,35866,0.01964240693556952,683,12.584296012169247,456.4876541435999,34.860788294073394,3,2
4799,40594.06288882833,377178,0.04281176038466249,13391,2.6802000002370656,399.822760361876,77.88471123184193,3,0
4800,41015.7357731224,317064,0.0364609755550449,10070,3.3121086815293985,410.59340150640736,86.17761385622306,2,0
4801,8290.75800844839,45170,0.022600995545454892,1005,9.248789498708188,457.8503330035679,19.233959129643917,3,2
4802,37040.410268128064,543861,0.04112940950362324,19249,1.658236837052573,347.7238379011095,70.78121676219153,3,0
4803,30095.960658577216,262302,0.022171886192920223,6430,5.633055636881863,178.58741076260782,51.57608182836698,6,1
4804,38855.95579929228,568356,0.03785139508383772,23005,1.7550295201438313,175.6410509060242,23.125931105863025,7,3
4805,11220.85518616356,44346,0.018240167532929934,747,15.642466556428445,466.08010552039184,45.60410322892513,3,2
4806,43556.2479009809,486430,0.0416424843455763,18139,2.0279187244718724,337.91817664896826,72.63863270940513,2,0
4807,40161.9429934954,551804,0.038677630924888504,22006,2.0145076079816255,103.01339074464765,16.31948396443153,7,3
4808,40287.92895487498,588454,0.03983185908352823,25203,1.5623669943373226,41.07083903540442,26.861943767853248,7,3
4809,33596.7052170538,226286,0.024434080814797334,6300,6.106314471721349,161.07091412996098,31.495622763796234,6,1
4810,35326.85666942195,389272,0.04205630067476466,14979,1.8339311803709772,400.433260370988,71.47898144292749,2,0
4811,39405.144131913235,340247,0.04096188743116965,12403,2.6480224747342174,385.54396095085394,77.46783747260817,2,0
4812,8743.377638755852,42128,0.021672043500476048,854,9.915414350271979,462.4679769910363,29.812018194564843,2,2
4813,10442.576285862491,58842,0.01876938164166263,1009,10.841023003667544,425.6070456479395,25.409234382534734,3,2
4814,22832.760783122198,187456,0.027224520200363034,5623,4.631632488604896,159.50631543935208,41.005225222978595,6,1
4815,8004.039860230427,46536,0.019030972744829244,806,9.953476789228496,514.9491428272102,33.57021338542307,2,2
4816,11682.910925780081,72547,0.01988047948587679,1302,9.721145509558244,392.7389811907818,29.316638728045668,2,2
4817,9461.2405219785,45677,0.021622066090534645,951,9.61872057712612,411.26973739950233,19.956102445848586,2,2
4818,26129.00955879407,208408,0.028423220544836467,6480,4.855320067589639,181.6486866836224,31.954524715588406,6,1
4819,35543.68810139476,398117,0.03876090854810502,13928,2.240174297744046,371.43838098017756,74.04018113053283,3,0
4820,39235.37690744832,542677,0.040504633424088485,22823,1.7654272762024577,146.92705795042735,29.423652406625244,7,3
4821,37645.84507347723,735682,0.04101866308631369,31455,1.2507087080380184,74.4263877169501,27.40684365568412,7,3
4822,10169.76873554196,67077,0.019008642086277814,1193,8.41708905591216,406.63615432572107,32.06008989755533,3,2
4823,4984.34098878626,21647,0.02467135410362508,479,10.89255205470161,557.5168127309968,37.858343565794954,2,2
4824,34892.8471701473,291125,0.031468067718908185,10208,4.1172128602104445,162.13371891690994,31.357719649608008,6,1
4825,30631.51110009446,213276,0.02895830619482042,6731,5.187666388569024,128.7041718783293,35.87749063232513,7,1
4826,37403.61496548413,603114,0.04142961845176805,25098,1.4701973625952631,151.6039598217073,31.65903340301784,6,3
4827,25391.584511099532,231617,0.026140096451886717,6900,4.298102698141835,189.14438020519532,33.44143715653291,7,1
4828,38010.7784974663,588921,0.041827826385167494,25637,1.4365023614948795,161.4085230073557,17.267284179058567,7,3
4829,32610.108917129535,317601,0.026174674863046893,9027,4.426444685540249,110.89430046330811,47.157238207545845,5,1
4830,9882.023701941482,49248,0.014995410118724493,712,16.64773850824725,384.046270404339,25.90740557406439,3,2
4831,7530.432956564462,19765,0.017729966249677334,316,24.348837699422507,507.869055154059,32.59482996811367,2,2
4832,26938.51012700301,257986,0.02342202435123987,6852,4.749816095144893,166.28638501947688,45.20434997357407,6,1
4833,41986.87995828724,486213,0.04032368501616243,17076,1.7982455461839872,386.6378838605124,81.56131276638266,4,0
4834,11115.3310448426,69725,0.02229849166514596,1478,8.523341075934553,517.8076447583362,35.10202283812013,2,2
4835,8309.959844450997,60696,0.020243203241108433,1131,7.6986299190687175,483.4983654235216,35.8707621490553,3,2
4836,41642.873648875924,511381,0.044746163474230764,20679,1.590085442813877,412.6711192792896,74.9152960850275,2,0
4837,31874.603193184117,256310,0.029340972539369008,8834,4.138744876265959,152.43031290487482,43.44038742133238,6,1
4838,7008.439578126113,45700,0.013992482491218648,595,12.419446515696459,432.45236593447294,32.399818697998924,3,2
4839,42333.79674792463,516837,0.044690016288127576,23296,1.8158088636966474,93.6275306413561,27.200239164698694,7,3
4840,27749.589518669945,223329,0.02885947447301894,7638,4.243470199017955,143.64713565440857,41.55842987954194,7,1
4841,10451.292183712145,50691,0.01985350994578762,936,11.125187488579156,479.16138964790906,37.521510985418,2,2
4842,34951.30180465371,371896,0.04451324946827463,14924,2.2112324274611583,371.9836717608269,76.97342305123271,2,0
4843,29399.133378921673,170065,0.029163244737849314,5631,6.217403115163342,99.38603315345236,32.71471670110087,7,1
4844,29438.701854361996,328932,0.028344450008266235,10527,3.228465301230824,227.84548408760728,42.53947365624961,6,1
4845,6765.943710576028,29044,0.01634927087872848,437,16.81111590075209,434.7903604871389,33.04952154247025,3,2
4846,39073.984754214755,359912,0.0457057478141643,14115,2.254295473465495,335.34236749036586,90.5024912142397,2,0
4847,44514.12160010937,766865,0.04261147911401533,34684,1.2421842937582561,161.5148384644865,25.365989128532778,8,3
4848,35349.56828281652,354826,0.045305462607081376,13856,2.2715468053161962,408.02135388248786,94.97527791679612,3,0
4849,40545.07562907039,412748,0.04167993350302632,17634,2.2237568036046254,78.72741733678541,26.645406263305777,7,3
4850,27589.153446984714,211059,0.027829901484785223,6597,4.693558012470399,205.8402995563328,40.043048894070274,6,1
4851,30755.634295868458,235717,0.025656242240501788,6664,5.150469164012568,161.21598974402426,49.03768037673925,6,1
4852,43402.001586748374,714970,0.03802538982746347,28074,1.5952906854116529,166.71474039020163,31.203019105553675,7,3
4853,29091.495314904216,209436,0.023770790830441004,5688,5.587986716933285,167.46447037218488,44.13870849890685,6,1
4854,41217.34848508172,433413,0.043872789694013266,16898,1.953281483382448,449.86677478838055,76.71893800811617,2,0
4855,43321.55737881722,525503,0.04081137464838454,20091,1.8168923954221514,462.51424351305405,81.69985632322285,3,0
4856,25915.457504243328,234507,0.028545507345301153,7168,4.268339599020238,114.81341221311281,35.02237291095228,6,1
4857,8577.341385684103,50544,0.024581527778714165,1122,8.623266996331637,426.32235689247926,30.520032993114132,3,2
4858,35715.4435400414,331310,0.04204512213404316,12209,2.2028763334389114,348.6591178542404,71.3982818775924,1,0
4859,38133.40664049856,385704,0.04093116584694708,14995,2.1798126621224734,431.3949026419649,78.75469399061062,2,0
4860,39487.190103024535,612590,0.041942511324028126,25480,1.4052981729983736,149.81254759824668,29.290098901950223,7,3
4861,36960.214810369915,538669,0.04438247816577805,24652,1.5432309152915613,99.89667020108482,19.872138170147473,7,3
4862,23600.882749107557,128962,0.027310232592923152,3885,7.367442112572976,153.18468484930506,40.15826862086538,5,1
4863,24208.10987474211,228479,0.025758261092464166,6554,4.067143407409832,78.58080925497794,26.521327279570954,5,1
4864,41594.09222689458,685913,0.037786361516091244,26260,1.5880641266321873,110.7015558199391,29.497450207127212,7,3
4865,40317.40322263821,503035,0.04248943977021028,21774,1.9900143522035116,86.18652903254477,34.98402387638233,7,3
4866,28446.878610797878,215189,0.02782339914944891,6709,5.132397164595662,137.39469822916968,46.92509876024979,6,1
4867,40422.91252591233,453925,0.04140023488811432,16810,2.0648366674326533,349.8212206123071,61.520050857724684,2,0
4868,8440.59823226028,25325,0.02457271073947395,586,15.506766821771697,491.5755778338737,25.14428845231486,2,2
4869,34347.807147370724,383501,0.03870124280161985,13505,2.1650572845706137,359.1725876959868,69.20788453780898,3,0
4870,6129.227018282012,27530,0.017679264324499316,442,15.22027534566196,446.19612062340434,36.189599520402524,3,2
4871,38601.65150687724,363835,0.047043344995744744,15245,2.0642156822674513,396.35994180984636,100.0,3,0
4872,40501.100725998986,440949,0.03955803416661126,15689,2.1304864051893633,368.57533320161565,87.22607756295425,3,0
4873,41445.12909945146,411131,0.04423561388882485,16440,2.157971499948704,373.6804911946702,70.4798361660504,3,0
4874,37542.86493436853,499471,0.04280768100329175,22032,1.6697389115920993,57.09614036822223,15.25185906604104,7,3
4875,10093.998526658164,58881,0.017270239622870543,923,11.572501274008482,466.76337359274703,18.51857812530282,3,2
4876,40999.93172811325,601671,0.0391442758406811,24028,1.627721593752962,121.56295971172452,28.735063976197388,7,3
4877,9318.892240141668,31262,0.019801090712851126,580,18.03507806905839,459.1634924408944,39.230555245172596,3,2
4878,33055.22349501411,132733,0.03045896773107845,4529,8.150368643946374,110.9003258389654,50.85830874607511,6,1
4879,35973.83516212096,508124,0.041806363017413015,21605,1.7993609153312666,111.57397557766909,25.06529554466163,7,3
4880,6844.075283809516,25890,0.01831458884534628,451,15.340138591620402,505.3286190169286,45.44870278389622,2,2
4881,39951.1821230485,646470,0.03936152972692107,25828,1.5639277234928348,132.13399187078298,24.330494421945968,7,3
4882,34774.84928036502,396654,0.03970754175600059,14022,2.016911302546186,382.2003470692544,77.4197474125882,3,0
4883,37714.103903342926,460808,0.039848499322811336,19851,1.8560900998982752,120.60912769228196,15.22978479142843,8,3
4884,10212.007651152491,48269,0.022202119901367397,975,10.609062979030234,424.4834974313803,32.434915783554594,3,2
4885,37840.65300286693,479709,0.03990572575463111,16365,2.0352199942962574,429.20868354587793,76.61242194769137,3,0
4886,30440.020215593708,174930,0.026530029617303018,5269,6.6303773964529755,197.42276499088578,64.35889084183076,6,1
4887,26437.060324907976,210822,0.029654044004090878,7047,4.003512679350547,191.86471420607273,40.00044531988361,6,1
4888,30067.51981896725,222036,0.023359853056849938,5863,6.141605562921546,136.84473195355747,33.3606161591553,5,1
4889,29385.176950021047,258826,0.031182441627703887,8978,3.7584765969610636,158.8488919159849,32.10223836403478,7,1
4890,31138.307532460134,329510,0.02452787089984987,9219,4.215620296534391,225.55405125107416,34.5152382874187,5,1
4891,8107.962532125722,38182,0.022124435957705954,765,11.142317221599406,510.96776410569436,26.047092197042897,1,2
4892,45255.00321565266,581794,0.04246444930629741,25754,1.8105541954695055,108.5938406507519,29.40562128514333,6,3
4893,28771.30596263212,188013,0.023468784976087263,5116,6.648119708116724,143.71183005476388,39.662157733493366,5,1
4894,10493.358049070299,32038,0.019143521587709406,578,19.17193349901867,424.6606207314817,25.747610928539434,2,2
4895,26888.017160985313,205617,0.029224526891454564,6950,4.754385658144244,146.34893534522652,33.22987384686395,5,1
4896,10240.94680138699,34410,0.02190045919201191,686,15.224010702298704,467.5332179204764,28.83408886515591,2,2
4897,26372.32879983328,256567,0.02921073791134226,8636,3.5206793624798616,218.6174621400626,50.77705414162295,6,1
4898,34227.34490449208,463208,0.04335328155629169,17847,1.660295800956067,418.1387084739967,64.99485652521348,2,0
4899,31109.082470322002,278448,0.025614590790137094,8015,4.234338711512584,197.07004495345177,21.190926654866914,5,1
4900,9418.969808846732,56080,0.020510521085917614,1102,8.791717189008468,545.7911947653989,11.938775480353602,2,2
4901,11151.660259628592,40141,0.018398322124499142,668,17.646627515418615,402.1526373017982,23.05733406229905,1,2
4902,37480.0545046078,430029,0.04114802657402633,15552,2.050816917264757,360.93775863233157,62.49740952987865,3,0
4903,9738.725904251429,47156,0.020889439948300035,891,11.62830486797009,500.7084139461045,37.389462012118685,2,2
4904,38804.11635868604,548240,0.04315640000060455,22068,1.4083703167184858,382.00211077802044,68.66537211627563,3,0
4905,37840.065899430934,623746,0.04058009035062757,25607,1.4314262332775847,113.24108935259964,23.149895632861504,8,3
4906,27914.8080936785,174338,0.02842727902903698,5424,5.662623810365806,162.2520397514548,46.41961958417311,6,1
4907,39387.95369563678,436429,0.03748525211776924,14130,2.56593406312229,355.97885836221764,86.79668549175716,3,0
4908,30604.163086882014,259658,0.02846295162932906,8433,3.6724305685990974,95.49696423802058,39.478620186102894,6,1
4909,20766.08460713826,170606,0.027721925323334916,5164,4.7631112874314665,137.0168263046521,50.717438225717174,6,1
4910,41111.72217211295,575776,0.04294171755114228,26443,1.4583589694440386,85.37806163090048,34.671100517695635,8,3
4911,25498.123313075866,273688,0.028265977132740622,8703,3.289801786193859,150.26873822618174,36.137976021860766,5,1
4912,9859.544177080763,43722,0.01751356543858708,705,15.311868310658516,470.02661185889826,26.038192730782068,2,2
4913,9523.950389261327,68737,0.020986546132582516,1368,7.560010483500229,407.95861002190105,40.86118328696748,2,2
4914,7093.684531731503,51380,0.022998350263077463,1116,6.859178818669965,496.69589735643655,13.79618955269227,2,2
4915,38470.60099030872,598022,0.04077682809615696,24938,1.5364540598998724,123.89305600132055,22.754547363344315,7,3
4916,27644.221492508404,296907,0.026096741099343124,8605,3.849321265640154,164.00548102912265,38.79228959817532,6,1
4917,8835.144952582308,41669,0.024523136687526623,986,10.304012218795714,486.9621251225841,25.66812586438287,2,2
4918,26459.559082405023,140006,0.02621830131711987,4059,7.594735380829415,132.26381894249027,24.432749925274145,5,1
4919,39155.44839314957,502724,0.04346439123008792,18630,1.785511350927946,367.829192528402,80.37119149828771,3,0
4920,29407.929202962576,238183,0.02747804155084827,7503,4.271271928687116,99.06725302387672,41.16543988695057,6,1
4921,10716.406972009465,62145,0.019695638952464626,1123,9.78750274280464,458.1971942377777,31.72824182658065,3,2
4922,37624.3636874754,632260,0.03568023082889789,23488,1.6057707767857838,138.40361482225308,25.537068536475555,8,3
4923,39162.365071254084,543844,0.043716358647999894,22475,1.4118497266096284,396.92003109782064,71.29827860874198,3,0
4924,9416.196111511796,74563,0.0201590757953091,1376,7.209783419645023,415.32646156208364,30.02036583282938,2,2
4925,7923.103642168374,37491,0.018508512851718867,655,13.013117806590294,452.8670181171247,23.479924610528382,1,2
4926,28395.531425837515,235372,0.026870214312582866,7018,4.671332376962513,133.47233440470393,36.401183577732,5,1
4927,38712.24293752628,577939,0.036767999731975705,22255,1.7506667108389513,86.14709979786042,26.392104581703162,7,3
4928,38729.14233968186,441235,0.04158933099916516,16386,2.214730595008054,385.0499520345079,75.50475080474224,1,0
4929,11948.205271203333,66928,0.01987243866264971,1344,10.223043285095166,525.7253237697741,40.51194567886876,2,2
4930,25357.910868321604,241033,0.024670687848935516,6752,4.224309847085271,185.71559964758555,26.63010833451657,6,1
4931,34330.19636230735,419195,0.04346617039501048,16013,1.802770286257767,316.983644754032,76.76614822641532,3,0
4932,28946.909790947397,164127,0.02827227010452505,5102,6.648080289714604,104.20755201682672,31.162226295802053,6,1
4933,36338.13926841202,378544,0.04656388882662262,16045,1.7502045200167353,409.18898372929493,73.25948968244276,4,0
4934,29441.94956315376,278973,0.026148916164672763,8568,3.8716806481888,171.81147284368495,33.761821279156166,6,1
4935,41378.24813837254,610969,0.035923290639922945,21913,1.913241704773026,58.73351255891922,18.67446784582908,8,3
4936,42072.759204447066,474660,0.04103835315758388,16608,2.086659769720101,410.62084258415433,80.64406433801703,4,0
4937,37958.64438809932,562743,0.04080553485191705,23205,1.6228045522595165,92.56880180314955,25.747090458841136,6,3
4938,23322.20773678377,155082,0.028996120849880867,4706,5.733449945959139,139.97672738782612,51.84343627405583,6,1
4939,26864.002728964024,214120,0.027273347545458043,6525,4.717041567831549,178.02155344481363,39.613939125002936,5,1
4940,37265.566602132756,527532,0.037745014161306836,20114,1.853151758676473,88.17091553881271,17.437374402411812,7,3
4941,24821.592126842217,179694,0.027643005582080202,5366,5.241602229862974,200.85196768523687,43.92448221980232,5,1
4942,30188.424927168166,233757,0.025377293019854058,6720,5.30066388631191,149.94424985796687,45.84238774794211,7,1
4943,39879.85091103369,560005,0.044162468438976595,25292,1.6452489062450768,131.92656465732398,30.162930822278263,8,3
4944,37445.776818224615,426766,0.040945704148144205,16075,1.8060915250017335,374.056884623365,78.31541818563667,3,0
4945,36612.31931166642,526065,0.03820600597516665,20134,1.8285032402333585,84.93617695418907,27.842675738030533,7,3
4946,29010.9647856046,298413,0.029900648257408555,10054,3.16502365617784,149.150764667915,43.83643890587657,6,1
4947,28702.287236255557,257929,0.025238992004504482,7005,4.873671251150784,161.90659325625282,43.32501232218276,5,1
4948,41480.91568861225,492791,0.04519944272495867,20367,1.800964157923922,424.25881365446116,65.78045868762013,4,0
4949,34628.73140522697,365257,0.02899191146017755,11917,3.2635148113182986,147.31855486799688,52.06281322744846,6,1
4950,37612.30138127201,580330,0.041512373515889545,25071,1.5403846613818435,150.33615536533583,15.560455087936145,6,3
4951,29923.171981358006,247304,0.02808034389948444,7869,4.259705173096779,176.19336593011002,27.49191691790106,7,1
4952,22303.315740725335,220945,0.031830344301353806,8073,3.2555268403328674,119.01387529678557,40.215806289873626,6,1
4953,27064.175223280596,285643,0.026977030222542275,8449,3.7381123028795096,145.1598844007611,31.07671556555666,6,1
4954,23384.68038080002,181349,0.027839296365736864,5701,4.587210774486949,126.50904368958729,37.35838195674132,7,1
4955,38955.51562708943,683289,0.044410162248462184,30390,1.2586928527219559,150.4787280454545,28.067586522022452,7,3
4956,37333.00985713709,516092,0.0386432161144434,20755,1.7448885203205584,163.22325822140132,16.632570191567467,7,3
4957,10060.969128612689,55383,0.01857144094852736,960,11.9648293293094,438.7496692927708,26.253303911909804,2,2
4958,36049.549634950075,355389,0.04012562447152882,12698,2.51893895884923,341.54046286699554,74.13080113292236,4,0
4959,31887.887156152756,257613,0.03050670535025443,8959,3.912672326396227,96.97654324312505,45.07790221218519,7,1
4960,28603.006246769703,214957,0.03143656134928971,7594,4.552738433276582,121.43470744656642,43.34752261294465,5,1
4961,28214.130317401625,254523,0.026678146505482732,7273,4.583524435616901,79.40955102698716,39.26878271801015,6,1
4962,7832.891457007305,37860,0.018802416497208263,637,12.858724414929785,490.1904933269983,46.679507087815196,1,2
4963,15781.236759588652,104470,0.020096324804824036,1935,8.442988997416629,456.20785880077744,13.112016351946448,3,2
4964,29899.938247139722,251048,0.02963935493874781,8421,4.085953599799402,150.19097893689457,39.1922581825134,6,1
4965,35121.44332823381,404082,0.042237771378372986,15487,1.8950037351538187,433.70792141914524,83.09566976288511,3,0
4966,27820.68078274644,292488,0.030445562518101967,10030,3.03507667517536,125.13660059671706,40.25882148130548,5,1
4967,25341.633036771942,134821,0.025758802743257578,3712,7.839477934428413,168.75260664084965,31.301942270163785,5,1
4968,29727.899912481644,228161,0.02961801461225834,7341,4.679887901802118,133.14998330914688,32.253592059578004,6,1
4969,40947.9718629277,672883,0.042534921849680364,29960,1.3900376256160563,96.93173380970299,21.066340735298773,7,3
4970,7773.988606019107,30891,0.020593653119597023,599,13.386935219407208,546.3351267784404,22.0579696491853,1,2
4971,29808.8533497402,188532,0.025866626699102925,5713,6.223126018143254,161.6292621634866,39.6925276393546,6,1
4972,37887.70583411285,382190,0.039981832542568,13751,2.457329857873499,347.4577673714971,73.79656474198052,2,0
4973,11732.392096745367,32950,0.02333115227980474,715,17.148227037630843,420.54465741451884,23.41734520244793,2,2
4974,28425.642899052047,252735,0.02888014465234487,8151,4.067207653468007,157.16229937142208,35.42937050330398,5,1
4975,37949.32635297038,507312,0.044289344500884086,19872,1.7033957216831563,344.19926660327997,79.62078171110183,3,0
4976,29268.5213434329,253965,0.028035346422442924,8247,4.177509575916573,161.75171311096443,42.7140227321271,6,1
4977,37670.16492730538,636189,0.036803790976427865,24293,1.643680481889462,105.59309674297363,14.142353445677125,6,3
4978,25327.406405420923,177600,0.026341252718113314,5301,5.744297117188003,102.12294422073008,27.758184982920262,6,1
4979,38502.19884449589,381811,0.04280516300339244,14895,2.237294182867297,449.199359135927,78.48287751604603,3,0
4980,41905.73722356228,575940,0.0410258685015194,24422,1.7811351596652998,140.2473212145313,27.003515618922595,7,3
4981,8683.468830231297,28456,0.02059702788208955,559,16.99506436296066,535.1016353644936,27.92318493140612,3,2
4982,41984.4443941269,477640,0.041295872605869394,17470,1.9183955872096004,335.0345838645421,78.7790896560819,2,0
4983,9246.014039043355,30062,0.01611778495708511,470,20.215838419273418,429.87331302986956,40.572098538494515,2,2
4984,38325.17112931661,497139,0.037682040093577444,18681,1.996759954628331,108.3118965553188,22.64441525590174,7,3
4985,43147.23276620639,444726,0.04180109149621842,16059,2.352657465085032,362.8422221710926,83.1171582260956,2,0
4986,8689.753912357417,27667,0.017042985926692105,443,20.6357338839019,506.01857688048597,32.825987185189994,2,2
4987,39020.14734391332,374150,0.04045076264748367,13229,2.583498899695125,313.91901700464757,71.70675327952057,2,0
4988,27325.105930677302,272163,0.02826470524339607,8612,3.7126693566316415,147.15741713192833,32.70960598882417,5,1
4989,34119.389128736846,525815,0.04103166346519937,22383,1.3666619076911781,93.49951577445479,37.34721039022039,7,3
4990,37742.0302542959,451847,0.044649034714414566,18669,1.6483417046925108,442.57304296353084,79.31725131362867,3,0
4991,36450.84933419425,297076,0.04562334417938521,12392,2.5324427725029266,361.87608765193073,77.84510309038485,3,0
4992,11635.246084282875,56056,0.016980902343956952,912,12.246098810548144,452.1153852375289,24.315966484881933,2,2
4993,42068.83052340415,710381,0.040321044561175426,30325,1.4208124666336364,39.61391125178588,17.974159802953626,7,3
4994,26981.597043407888,215171,0.027121715584429155,6575,4.621974230128007,166.9656852695788,46.18932326128348,6,1
4995,28209.73884608729,255249,0.024687676260417346,6838,4.863196459049133,164.73300608608452,41.749111167974526,6,1
4996,41953.512609375946,552214,0.03831559113865504,21438,2.037084697343243,68.20333380757101,22.883663587539615,8,3
4997,6560.584286175689,30404,0.016907116990963603,495,13.345127437457126,437.18133741986196,41.23034254910791,2,2
4998,31107.77826122573,237623,0.024049253425333164,6267,5.574257675239568,173.0280180964816,31.411853915392896,5,1
4999,37205.57478223617,588458,0.04540952260413519,28663,1.368602886916322,133.42554255860875,27.037418974209743,7,3
